Counter	Image	class label	Myr	Viewpoint	Delta PA	v_asym	s_asym	resids	lambda_r	epsilon	A	A_2	deltapos	deltapos2	nspax	re	meanvel	varvel	skewvel	kurtvel	meansig	varsig	skewsig	kurtsig	abskewvel	abskewsig	random
0	fg1_m13_iso1_rotated	0	0.05	0	87.66	0.01	0.03	7.65	0.7	0.26	3.49	11.65	0.43	0.88	1256	15.5	-7.04	74.29	0.03	-1.15	53.15	14.89	-0.49	1.08	0.03	0.49	-0.44
1	fg1_m13_iso1_rotated	0	0.05	1	88.56	0.01	0.03	7.85	0.82	0.49	7.06	25.19	0.43	0.64	1806	19.18	-3.98	92.33	0.01	-1.04	44.09	17.95	-0.14	-0.44	0.01	0.14	0.54
2	fg1_m13_iso1_rotated	0	0.05	2	65.47	0.05	0.03	18.99	0.82	0.5	4.53	18.47	0.3	0.21	1792	19.09	-0.83	92.94	-0.03	-1.06	44.57	17.42	-0.35	-0.21	0.03	0.35	-0.63
3	fg1_m13_iso1_rotated	0	0.05	3	79.14	0.03	0.03	14.32	0.82	0.49	1.72	10.97	0.3	0.21	1798	19.12	-0.05	92.94	-0.04	-1.05	44.44	18.07	-0.12	-0.61	0.04	0.12	0.4
4	fg1_m13_iso1_rotated	0	0.05	4	68.96	0.11	0.05	6.02	0.27	0.03	13.87	17.3	0.0	0.48	764	14.18	-5.8	18.51	-0.03	-0.89	56.47	12.18	-0.15	0.8	0.03	0.15	-1.18
5	fg1_m13_iso1_rotated	0	0.05	5	74.33	0.09	0.04	5.78	0.26	0.03	15.36	20.25	0.3	0.77	764	13.79	-1.65	18.5	-0.05	-0.86	56.88	12.73	-0.78	1.88	0.05	0.78	-0.11
6	fg1_m13_iso1_rotated	0	0.05	6	80.65	0.08	0.03	4.86	0.25	0.01	12.9	17.68	0.0	0.21	764	13.78	-3.17	17.89	-0.02	-0.93	57.19	11.94	-0.38	1.01	0.02	0.38	-1.16
7	fg1_m13_iso1_rotated	0	0.1	0	86.19	0.02	0.03	7.89	0.71	0.33	4.58	12.4	0.3	0.48	1256	16.06	-3.32	76.02	0.01	-1.17	53.39	14.65	-0.16	0.28	0.01	0.16	-1.1
8	fg1_m13_iso1_rotated	0	0.1	2	80.99	0.03	0.03	12.56	0.81	0.5	1.41	7.27	0.86	0.88	1756	18.4	-0.55	96.39	-0.03	-1.1	47.02	16.31	-0.2	-0.09	0.03	0.2	-1.12
9	fg1_m13_iso1_rotated	0	0.1	3	87.98	0.02	0.03	5.28	0.81	0.5	1.47	10.37	0.43	0.48	1757	18.49	5.69	95.75	-0.08	-1.08	46.77	15.45	-0.06	-0.36	0.08	0.06	-0.67
10	fg1_m13_iso1_rotated	0	0.1	4	82.37	0.08	0.04	5.67	0.27	0.05	8.24	10.54	0.3	0.48	764	14.35	-4.24	18.85	-0.02	-0.96	57.88	11.91	-0.28	1.62	0.02	0.28	-0.27
11	fg1_m13_iso1_rotated	0	0.1	5	74.5	0.09	0.03	5.44	0.25	0.05	19.96	32.05	0.3	0.77	764	14.35	-3.1	18.18	-0.18	-0.89	57.66	11.89	-0.46	0.96	0.18	0.46	1.53
12	fg1_m13_iso1_rotated	0	0.1	6	80.91	0.07	0.04	5.32	0.28	0.07	12.63	17.22	0.3	0.21	1256	14.75	-5.22	20.89	0.08	-1.03	53.25	12.87	-0.06	-0.02	0.08	0.06	-1.95
13	fg1_m13_iso1_rotated	0	0.2	0	88.79	0.04	0.05	9.03	0.7	0.28	7.79	27.4	0.68	1.5	1256	15.0	-19.59	72.43	0.18	-1.12	51.62	13.34	-0.09	-0.53	0.18	0.09	0.5
14	fg1_m13_iso1_rotated	0	0.2	1	88.68	0.01	0.03	8.01	0.81	0.53	7.72	28.32	0.43	0.48	1709	18.74	-3.93	95.23	-0.01	-1.15	47.45	14.87	-0.07	-0.17	0.01	0.07	-0.39
15	fg1_m13_iso1_rotated	0	0.2	3	85.78	0.01	0.03	7.92	0.81	0.52	8.64	30.17	0.0	0.48	1730	18.66	-4.4	94.66	0.0	-1.13	48.41	13.57	0.22	-0.67	0.0	0.22	-2.52
16	fg1_m13_iso1_rotated	0	0.2	4	54.42	0.12	0.05	5.58	0.26	0.06	23.03	19.18	0.43	0.48	764	14.33	-1.26	18.58	-0.17	-0.78	55.8	12.74	-0.46	0.85	0.17	0.46	-0.64
17	fg1_m13_iso1_rotated	0	0.2	5	79.0	0.07	0.04	5.21	0.27	0.05	21.27	18.62	0.0	0.77	764	14.05	-3.02	18.83	-0.03	-1.01	56.58	11.91	-0.17	0.61	0.03	0.17	0.72
18	fg1_m13_iso1_rotated	0	0.2	6	84.06	0.12	0.04	7.09	0.27	0.03	14.18	9.05	0.3	1.3	764	14.07	-7.59	18.12	0.05	-0.91	56.47	12.33	-0.28	0.96	0.05	0.28	0.06
19	fg1_m13_iso1_rotated	0	0.29	0	87.67	0.02	0.04	7.74	0.72	0.29	3.81	22.29	0.0	1.07	1256	15.92	2.01	75.78	-0.07	-1.15	53.88	12.39	-0.1	0.37	0.07	0.1	-0.26
20	fg1_m13_iso1_rotated	0	0.29	1	89.48	0.02	0.03	7.99	0.81	0.5	9.42	26.05	0.3	0.21	1718	18.25	5.42	95.9	-0.09	-1.11	48.73	14.17	0.08	-0.55	0.09	0.08	-0.16
21	fg1_m13_iso1_rotated	0	0.29	2	86.17	0.01	0.03	6.88	0.81	0.51	1.58	8.4	0.68	0.21	1718	18.32	-7.09	95.25	0.03	-1.11	48.37	13.87	0.3	-0.51	0.03	0.3	-0.02
22	fg1_m13_iso1_rotated	0	0.29	3	78.03	0.03	0.04	13.89	0.81	0.51	1.87	10.29	0.68	0.48	1710	18.32	-1.5	95.6	-0.01	-1.12	48.44	14.3	0.08	-0.43	0.01	0.08	-2.32
23	fg1_m13_iso1_rotated	0	0.29	4	59.44	0.1	0.03	5.23	0.25	0.02	31.74	46.13	0.43	0.64	764	13.85	-4.91	17.91	-0.0	-0.86	57.77	12.25	-0.47	2.23	0.0	0.47	1.45
24	fg1_m13_iso1_rotated	0	0.29	5	74.94	0.08	0.04	6.19	0.27	0.04	16.41	21.32	0.43	0.48	764	14.29	-3.89	18.6	-0.02	-0.85	56.69	11.02	-0.23	1.09	0.02	0.23	1.34
25	fg1_m13_iso1_rotated	0	0.29	6	86.71	0.07	0.04	4.73	0.25	0.01	21.42	34.12	0.3	0.77	764	13.75	-4.54	17.77	0.01	-0.88	57.0	11.56	-0.42	1.82	0.01	0.42	-0.43
26	fg1_m13_iso1_rotated	0	0.39	0	89.06	0.02	0.03	7.58	0.7	0.28	5.84	21.54	0.0	0.48	1256	15.34	-1.34	74.88	-0.02	-1.18	54.04	12.12	0.03	-0.12	0.02	0.03	0.43
27	fg1_m13_iso1_rotated	0	0.39	1	86.09	0.02	0.03	8.06	0.8	0.49	1.74	11.07	0.3	0.48	1666	18.78	0.16	97.02	-0.02	-1.15	51.66	12.41	-0.15	0.34	0.02	0.15	0.81
28	fg1_m13_iso1_rotated	0	0.39	2	72.01	0.04	0.04	17.75	0.81	0.5	7.72	29.92	0.3	0.48	1630	18.66	-1.11	98.17	-0.04	-1.19	49.95	13.73	-0.12	0.39	0.04	0.12	-0.38
29	fg1_m13_iso1_rotated	0	0.39	3	72.01	0.05	0.04	16.69	0.8	0.5	0.93	5.22	0.3	0.48	1647	18.47	-1.27	98.54	-0.01	-1.19	50.12	13.75	-0.17	0.49	0.01	0.17	2.13
30	fg1_m13_iso1_rotated	0	0.39	4	51.43	0.1	0.05	6.04	0.25	0.04	15.44	16.83	0.3	0.48	764	14.2	-1.67	17.68	-0.13	-0.98	56.58	11.89	-0.25	1.79	0.13	0.25	-0.14
31	fg1_m13_iso1_rotated	0	0.39	5	73.24	0.06	0.05	4.81	0.27	0.08	8.5	13.85	0.43	0.48	764	14.28	-4.86	18.17	0.1	-0.95	57.24	10.9	-0.21	0.88	0.1	0.21	0.4
32	fg1_m13_iso1_rotated	0	0.39	6	76.1	0.1	0.05	5.62	0.27	0.05	33.06	43.47	0.0	0.77	764	14.12	-2.24	18.98	-0.21	-0.96	56.84	11.01	-0.51	2.22	0.21	0.51	0.41
33	fg1_m13_iso1_rotated	0	0.49	0	85.46	0.03	0.03	8.19	0.7	0.27	7.21	31.64	0.61	0.88	1256	14.94	9.89	75.05	-0.13	-1.15	53.2	11.6	0.07	0.04	0.13	0.07	2.07
34	fg1_m13_iso1_rotated	0	0.49	1	88.15	0.02	0.03	8.73	0.79	0.51	1.76	11.94	0.0	0.21	1253	17.52	2.51	87.27	-0.03	-0.99	52.47	14.69	-0.55	0.61	0.03	0.55	-0.77
35	fg1_m13_iso1_rotated	0	0.49	2	89.19	0.01	0.03	5.06	0.8	0.54	1.15	6.56	0.0	0.48	1670	18.11	-5.12	96.16	0.01	-1.16	50.21	12.47	0.42	-0.38	0.01	0.42	1.61
36	fg1_m13_iso1_rotated	0	0.49	3	87.41	0.02	0.04	9.19	0.8	0.54	9.76	33.43	0.43	0.21	1645	18.12	-14.5	96.45	0.09	-1.15	49.97	13.33	0.21	-0.05	0.09	0.21	0.71
37	fg1_m13_iso1_rotated	0	0.49	4	18.52	0.22	0.06	6.58	0.27	0.06	18.44	22.15	0.3	0.21	764	14.05	-5.71	18.35	0.1	-0.96	55.7	11.93	-0.23	0.98	0.1	0.23	1.12
38	fg1_m13_iso1_rotated	0	0.49	5	77.4	0.09	0.04	5.27	0.27	0.05	22.95	34.47	0.3	0.64	764	14.06	-6.32	18.34	-0.07	-0.99	56.04	10.27	-0.01	1.09	0.07	0.01	0.35
39	fg1_m13_iso1_rotated	0	0.49	6	21.06	0.26	0.04	5.21	0.28	0.04	21.76	30.6	0.43	0.48	764	13.94	-9.85	18.07	0.12	-0.86	55.64	10.54	-0.06	1.61	0.12	0.06	0.09
40	fg1_m13_iso1_rotated	0	0.59	0	80.2	0.04	0.04	12.43	0.72	0.36	6.85	34.66	1.09	0.48	1256	15.85	-18.67	72.82	0.17	-1.09	53.86	11.03	0.36	-0.17	0.17	0.36	-1.75
41	fg1_m13_iso1_rotated	0	0.59	1	88.59	0.03	0.04	9.99	0.8	0.5	3.96	16.41	1.21	1.16	1648	18.66	-17.41	95.8	0.11	-1.14	50.45	13.6	0.01	-0.3	0.11	0.01	1.06
42	fg1_m13_iso1_rotated	0	0.59	2	89.06	0.02	0.04	7.09	0.8	0.51	1.68	8.64	0.0	0.21	1661	18.21	-2.86	97.23	0.0	-1.19	49.62	12.77	0.37	-0.15	0.0	0.37	0.18
43	fg1_m13_iso1_rotated	0	0.59	3	88.06	0.02	0.03	8.66	0.79	0.51	2.36	14.98	0.0	0.48	1251	17.57	-8.65	87.76	0.06	-1.0	53.16	12.99	0.0	-0.47	0.06	0.0	-0.96
44	fg1_m13_iso1_rotated	0	0.59	4	8.58	0.47	0.06	6.08	0.25	0.1	32.57	28.8	0.3	0.88	764	13.4	-5.46	17.81	-0.08	-0.97	56.55	10.78	-0.19	1.4	0.08	0.19	-0.11
45	fg1_m13_iso1_rotated	0	0.59	5	58.18	0.08	0.05	5.65	0.25	0.08	16.07	16.83	0.86	0.88	764	13.58	-3.48	18.44	0.04	-1.03	56.23	10.47	-0.51	1.91	0.04	0.51	0.29
46	fg1_m13_iso1_rotated	0	0.59	6	83.16	0.08	0.04	5.28	0.3	0.07	6.19	9.75	0.68	0.88	764	13.89	-5.25	18.87	-0.0	-0.95	55.43	11.06	-0.05	0.68	0.0	0.05	0.03
47	fg1_m13_iso1_rotated	0	1.96	0	86.62	0.03	0.06	10.43	0.59	0.61	3.42	16.62	0.43	0.48	1134	17.3	-12.75	81.17	0.09	-1.36	66.04	17.16	1.06	0.44	0.09	1.06	-0.77
48	fg1_m13_iso1_rotated	0	1.96	1	88.2	0.03	0.06	11.31	0.57	-0.49	3.19	9.95	0.43	0.77	764	12.16	-4.0	92.0	0.0	-1.22	73.55	21.36	0.93	-0.11	0.0	0.93	-0.24
49	fg1_m13_iso1_rotated	0	1.96	2	74.86	0.03	0.05	14.42	0.77	0.54	6.02	20.23	0.3	0.48	1800	21.53	-0.4	103.07	-0.07	-1.21	56.36	12.54	0.69	-0.08	0.07	0.69	0.03
50	fg1_m13_iso1_rotated	0	1.96	4	61.37	0.07	0.05	5.72	0.24	0.71	3.99	9.96	0.68	0.48	1238	18.94	-6.89	19.62	0.1	-1.17	55.46	9.21	-0.04	0.93	0.1	0.04	0.77
51	fg1_m13_iso1_rotated	0	1.96	5	69.23	0.08	0.04	3.8	0.26	0.63	10.58	10.61	0.43	0.48	1242	18.11	-4.52	19.2	-0.12	-1.27	55.34	8.55	0.4	0.36	0.12	0.4	-0.28
52	fg1_m13_iso1_rotated	0	1.96	6	78.54	0.09	0.04	3.73	0.25	0.74	17.68	25.73	0.43	0.21	987	17.97	-4.96	18.31	0.0	-0.94	56.81	8.54	0.6	0.22	0.0	0.6	-0.37
0	fg1_m13_iso0.333_rotated	0	0.05	0	48.1	0.08	0.08	13.02	0.71	0.3	4.99	15.53	0.61	0.48	764	11.77	0.03	51.53	-0.05	-1.18	32.79	13.0	-0.01	0.44	0.05	0.01	-1.58
1	fg1_m13_iso0.333_rotated	0	0.05	1	89.09	0.02	0.07	7.89	0.8	0.53	1.93	6.37	0.68	1.16	710	12.72	-0.47	61.68	-0.04	-1.07	31.3	17.17	-0.34	-0.68	0.04	0.34	-1.46
2	fg1_m13_iso0.333_rotated	0	0.05	2	87.09	0.02	0.05	4.92	0.8	0.53	3.67	11.37	0.3	0.21	703	12.63	-4.01	61.85	0.01	-1.15	33.72	13.71	-0.47	0.09	0.01	0.47	0.83
3	fg1_m13_iso0.333_rotated	0	0.05	3	86.64	0.02	0.05	8.29	0.79	0.55	1.25	3.57	0.3	0.48	699	12.57	-3.62	62.78	0.02	-1.08	32.15	14.7	-0.16	-0.45	0.02	0.16	-1.25
4	fg1_m13_iso0.333_rotated	0	0.05	4	76.17	0.1	0.07	4.71	0.3	0.03	37.4	22.94	0.3	0.21	368	10.62	-0.81	12.99	-0.03	-0.89	34.35	13.25	-0.67	0.91	0.03	0.67	0.21
5	fg1_m13_iso0.333_rotated	0	0.05	5	23.88	0.37	0.09	3.9	0.29	0.03	48.54	28.22	0.0	0.48	368	10.83	-6.67	11.88	0.1	-0.79	35.46	14.1	-0.5	0.13	0.1	0.5	2.23
6	fg1_m13_iso0.333_rotated	0	0.05	6	15.12	0.38	0.05	6.08	0.32	0.04	22.46	24.08	0.0	0.77	368	10.95	-3.1	12.92	-0.14	-0.9	33.67	12.17	-0.18	0.03	0.14	0.18	0.18
7	fg1_m13_iso0.333_rotated	0	0.1	0	89.93	0.03	0.06	7.66	0.72	0.31	5.65	20.3	0.3	0.77	764	11.81	-4.41	52.88	0.01	-1.15	35.04	13.41	-0.33	-0.03	0.01	0.33	-1.57
8	fg1_m13_iso0.333_rotated	0	0.1	1	84.18	0.03	0.06	10.87	0.79	0.55	3.04	9.48	0.0	0.21	678	12.23	1.04	64.85	-0.03	-1.14	35.73	12.13	-0.38	0.43	0.03	0.38	-1.53
9	fg1_m13_iso0.333_rotated	0	0.1	2	88.37	0.02	0.06	8.65	0.78	0.52	3.07	9.74	0.96	1.44	688	12.18	-0.39	64.72	-0.04	-1.14	36.79	12.7	-0.22	0.5	0.04	0.22	-0.96
10	fg1_m13_iso0.333_rotated	0	0.1	3	89.51	0.05	0.06	9.55	0.79	0.53	13.59	21.85	0.0	0.77	668	11.94	-1.06	65.26	-0.02	-1.16	35.54	13.37	-0.47	0.56	0.02	0.47	-0.31
11	fg1_m13_iso0.333_rotated	0	0.1	4	32.86	0.15	0.08	5.34	0.29	0.03	28.51	26.07	0.0	0.21	368	10.94	-2.09	12.46	0.04	-0.92	37.08	12.98	-0.56	0.62	0.04	0.56	1.1
12	fg1_m13_iso0.333_rotated	0	0.1	5	64.28	0.09	0.07	4.5	0.29	-0.06	33.53	46.1	0.3	0.77	764	11.4	-2.86	14.61	-0.14	-1.15	33.68	9.39	-0.15	2.23	0.14	0.15	1.21
13	fg1_m13_iso0.333_rotated	0	0.1	6	76.94	0.09	0.09	4.56	0.3	-0.03	48.95	35.0	0.3	0.48	368	10.91	-2.01	13.16	-0.07	-0.95	36.03	12.91	-0.34	0.33	0.07	0.34	0.82
14	fg1_m13_iso0.333_rotated	0	0.29	0	88.25	0.05	0.09	8.74	0.67	0.3	10.67	21.7	0.3	0.77	368	11.26	8.1	44.44	-0.18	-1.01	41.3	11.46	0.25	0.79	0.18	0.25	-0.2
15	fg1_m13_iso0.333_rotated	0	0.29	1	88.88	0.05	0.05	9.09	0.78	0.54	3.5	11.91	0.0	0.21	663	12.05	6.22	64.17	-0.11	-1.14	36.44	13.88	-0.49	0.37	0.11	0.49	1.26
16	fg1_m13_iso0.333_rotated	0	0.29	2	74.85	0.04	0.08	8.58	0.78	0.53	2.34	5.7	0.0	0.21	646	12.11	5.19	64.39	-0.11	-1.19	37.22	11.19	-0.34	0.39	0.11	0.34	0.0
17	fg1_m13_iso0.333_rotated	0	0.29	3	89.01	0.02	0.05	8.05	0.76	0.51	3.92	12.15	0.3	0.77	649	11.64	-14.81	65.1	0.11	-1.17	39.01	10.72	-0.43	0.93	0.11	0.43	1.72
18	fg1_m13_iso0.333_rotated	0	0.29	4	83.46	0.08	0.07	3.4	0.39	0.91	11.55	31.19	0.96	1.68	1028	73.64	-4.28	14.96	0.02	-1.28	31.77	8.73	0.98	2.74	0.02	0.98	-1.01
19	fg1_m13_iso0.333_rotated	0	0.29	5	78.16	0.15	0.09	4.9	0.3	-0.1	21.53	18.97	0.68	0.21	368	10.68	-5.9	11.26	-0.02	-0.94	36.05	9.7	-0.22	0.55	0.02	0.22	-1.17
20	fg1_m13_iso0.333_rotated	0	0.29	6	80.29	0.12	0.07	4.02	0.35	0.94	12.82	47.22	0.0	1.07	1034	244.54	-3.73	14.94	-0.08	-1.36	31.95	9.47	-0.04	1.02	0.08	0.04	1.25
21	fg1_m13_iso0.333_rotated	0	0.49	0	84.91	0.04	0.08	7.97	0.69	0.33	8.0	21.06	0.3	0.48	754	11.43	1.29	52.64	-0.11	-1.11	37.37	9.54	0.23	1.14	0.11	0.23	-0.07
22	fg1_m13_iso0.333_rotated	0	0.49	1	87.7	0.04	0.08	8.67	0.76	0.56	6.57	19.47	0.43	0.48	638	11.75	5.89	65.0	-0.18	-1.18	39.07	9.99	0.11	-0.05	0.18	0.11	0.56
23	fg1_m13_iso0.333_rotated	0	0.49	2	87.66	0.03	0.05	8.62	0.86	0.48	2.47	10.75	0.3	0.21	924	27.63	-3.15	80.88	-0.07	-1.43	39.22	8.37	0.33	1.32	0.07	0.33	0.4
24	fg1_m13_iso0.333_rotated	0	0.49	3	0.81	0.66	0.08	15.51	0.87	0.51	2.8	9.72	0.0	0.48	924	25.86	-6.02	82.67	-0.01	-1.46	37.3	9.81	0.39	0.87	0.01	0.39	-0.59
25	fg1_m13_iso0.333_rotated	0	0.49	4	80.56	0.08	0.09	3.21	0.31	0.05	9.99	20.31	0.68	0.21	762	11.43	-5.18	13.88	-0.1	-1.21	32.77	8.68	0.25	2.69	0.1	0.25	0.06
26	fg1_m13_iso0.333_rotated	0	0.49	5	48.06	0.15	0.07	5.2	0.29	-0.02	27.64	35.17	0.3	0.64	758	11.48	-2.74	13.84	-0.03	-1.26	34.25	7.42	-0.13	2.08	0.03	0.13	2.41
27	fg1_m13_iso0.333_rotated	0	0.49	6	66.83	0.14	0.05	3.66	0.3	0.03	12.15	12.44	0.43	0.48	368	11.17	-6.05	12.74	0.05	-1.13	36.67	9.49	-0.65	1.61	0.05	0.65	0.94
28	fg1_m13_iso0.333_rotated	0	0.98	0	72.4	0.1	0.07	27.04	0.77	0.81	24.62	49.36	0.3	0.48	830	80.93	-5.66	58.12	-0.04	-1.38	39.49	8.64	-0.06	1.48	0.04	0.06	-0.45
29	fg1_m13_iso0.333_rotated	0	0.98	1	86.48	0.04	0.06	7.48	0.81	0.5	2.62	5.7	0.96	0.48	677	16.0	3.21	72.45	-0.2	-1.33	42.28	8.75	-0.05	1.3	0.2	0.05	-0.61
30	fg1_m13_iso0.333_rotated	0	0.98	2	86.48	0.03	0.05	8.45	0.83	0.49	16.89	25.13	0.68	0.48	719	17.47	-5.72	75.75	0.0	-1.43	42.27	7.7	0.63	0.71	0.0	0.63	-0.81
31	fg1_m13_iso0.333_rotated	0	0.98	3	84.13	0.05	0.08	13.21	0.84	0.53	3.35	11.73	0.68	0.21	762	29.83	-4.78	80.93	-0.08	-1.48	43.68	8.37	0.89	0.59	0.08	0.89	-0.11
32	fg1_m13_iso0.333_rotated	0	0.98	4	73.73	0.18	0.08	4.55	0.34	0.24	17.09	31.41	0.0	0.88	870	24.59	-6.55	12.89	-0.11	-1.29	34.26	6.82	0.84	3.03	0.11	0.84	0.35
33	fg1_m13_iso0.333_rotated	0	0.98	5	77.87	0.1	0.06	3.22	0.34	0.71	21.43	33.72	2.21	1.83	881	60.78	-4.62	13.32	-0.15	-1.25	34.83	7.02	0.25	2.2	0.15	0.25	-0.06
34	fg1_m13_iso0.333_rotated	0	0.98	6	35.75	0.12	0.1	5.66	0.3	0.03	16.05	15.28	0.3	0.88	689	12.62	-6.31	13.9	-0.0	-1.36	35.45	6.67	0.2	2.51	0.0	0.2	-1.48
35	fg1_m13_iso0.333_rotated	0	1.96	0	85.34	0.08	0.05	11.64	0.56	0.32	13.7	18.0	1.25	0.64	544	25.62	-14.87	46.26	0.04	-1.28	53.44	10.07	0.69	-0.29	0.04	0.69	1.09
36	fg1_m13_iso0.333_rotated	0	1.96	1	87.01	0.04	0.06	10.18	0.67	0.53	2.98	5.94	0.3	0.77	580	32.37	-7.53	68.47	0.0	-1.43	53.52	12.18	0.85	1.74	0.0	0.85	1.38
37	fg1_m13_iso0.333_rotated	0	1.96	2	79.63	0.03	0.06	5.81	0.8	0.7	2.01	3.6	0.3	0.48	598	52.99	-10.54	71.3	0.02	-1.31	48.12	8.05	0.58	0.34	0.02	0.58	-0.19
38	fg1_m13_iso0.333_rotated	0	1.96	3	80.62	0.04	0.08	9.06	0.8	0.64	2.43	5.62	0.68	0.48	604	45.11	-2.67	78.48	-0.07	-1.42	50.17	11.93	1.07	0.42	0.07	1.07	-1.06
39	fg1_m13_iso0.333_rotated	0	1.96	4	82.7	0.19	0.05	5.77	0.2	-0.25	43.09	14.65	0.3	0.77	382	12.37	-6.32	9.0	-0.15	-0.12	41.67	8.77	-1.19	4.44	0.15	1.19	0.1
40	fg1_m13_iso0.333_rotated	0	1.96	5	39.73	0.14	0.05	5.06	0.29	0.08	22.54	8.48	0.68	0.48	457	20.57	-6.44	12.98	0.18	-1.42	41.54	7.97	-0.43	4.36	0.18	0.43	-0.49
41	fg1_m13_iso0.333_rotated	0	1.96	6	76.32	0.13	0.09	4.63	0.3	0.05	13.4	7.12	0.0	0.48	463	20.54	-2.6	15.73	-0.27	-1.13	42.64	7.78	-0.28	-0.01	0.27	0.28	0.15
0	fg1_m13	1	0.1	0	47.3	0.03	0.05	6.33	0.56	0.1	2.41	7.93	0.0	0.77	764	14.5	-3.88	49.67	0.0	-1.22	59.99	12.96	-0.1	-0.17	0.0	0.1	0.07
1	fg1_m13	1	0.1	1	69.29	0.03	0.05	8.99	0.86	0.85	3.14	2.5	0.3	0.77	933	21.42	-71.77	115.05	-0.0	-1.45	53.21	13.5	-0.36	0.66	0.0	0.36	1.22
2	fg1_m13	1	0.1	2	58.45	0.04	0.06	10.79	0.87	0.83	1.26	1.61	0.0	0.21	1043	22.11	19.6	114.01	-0.04	-1.39	51.41	13.98	-0.56	0.74	0.04	0.56	-2.97
3	fg1_m13	1	0.1	3	82.49	0.02	0.04	8.69	0.74	0.31	4.67	21.76	0.43	0.77	1256	16.41	51.38	74.84	-0.05	-1.19	53.71	15.4	0.07	0.08	0.05	0.07	0.86
4	fg1_m13	1	0.1	4	56.71	0.02	0.06	6.79	0.73	0.21	1.94	5.42	0.3	0.21	1256	15.36	-60.98	66.86	-0.06	-1.21	54.71	15.68	-0.01	-0.25	0.06	0.01	-0.11
5	fg1_m13	1	0.1	5	53.21	0.02	0.04	10.67	0.76	0.41	0.87	4.71	0.0	0.21	1256	17.04	16.5	82.22	-0.03	-1.13	52.64	15.03	-0.05	-0.21	0.03	0.05	-1.63
6	fg1_m13	1	0.1	6	85.32	0.02	0.04	9.06	0.86	0.84	1.82	6.87	0.0	0.77	862	20.65	43.13	107.8	-0.04	-1.36	53.89	14.23	-0.77	3.24	0.04	0.77	0.81
7	fg1_m13	1	0.39	0	54.37	0.02	0.05	5.46	0.56	0.26	1.19	4.09	0.0	0.48	1256	15.14	-4.08	53.51	0.01	-1.25	56.92	13.78	0.08	0.43	0.01	0.08	0.19
8	fg1_m13	1	0.39	1	65.51	0.03	0.05	10.71	0.85	0.84	3.58	5.23	0.91	0.48	983	21.52	-98.26	119.5	0.03	-1.4	57.91	15.57	-0.69	1.27	0.03	0.69	-1.59
9	fg1_m13	1	0.39	2	62.45	0.02	0.04	13.3	0.8	0.72	4.78	5.42	1.52	0.21	1367	18.63	2.43	110.71	-0.54	-1.12	66.5	24.78	1.84	4.95	0.54	1.84	0.07
10	fg1_m13	1	0.39	3	75.92	0.02	0.06	6.88	0.88	0.29	6.75	12.47	0.3	0.48	1256	15.27	128.04	69.35	-0.07	-1.17	58.58	18.26	0.94	3.32	0.07	0.94	-0.64
11	fg1_m13	1	0.39	4	56.4	0.02	0.05	6.63	0.77	0.14	2.45	9.57	0.0	0.21	764	14.39	-88.56	61.17	0.03	-1.21	65.37	14.38	0.19	0.45	0.03	0.19	-1.76
12	fg1_m13	1	0.39	5	51.58	0.01	0.05	7.26	0.74	0.42	1.76	8.53	0.0	0.48	1254	15.57	-29.8	89.86	-0.02	-1.15	58.59	14.35	0.22	-0.34	0.02	0.22	-1.54
13	fg1_m13	1	0.39	6	84.69	0.03	0.05	7.41	0.85	0.85	3.88	14.14	0.43	0.48	1068	22.45	102.9	111.82	0.0	-1.42	56.77	17.87	1.34	4.89	0.0	1.34	-0.4
14	fg1_m13	1	0.49	0	50.74	0.13	0.07	29.26	0.59	0.47	1.65	2.66	0.3	1.37	1426	18.26	4.1	69.37	0.05	-1.43	59.83	15.15	0.39	-0.31	0.05	0.39	-0.8
15	fg1_m13	1	0.49	1	69.06	0.04	0.08	12.95	0.74	0.65	4.98	5.62	0.3	0.21	740	15.63	-4.11	103.0	-0.13	-1.13	67.08	18.45	-0.28	-0.49	0.13	0.28	-1.22
16	fg1_m13	1	0.49	2	44.4	0.06	0.1	25.08	0.82	0.87	32.05	30.35	0.61	1.07	1117	24.75	-81.19	106.62	-0.04	-1.4	69.51	20.0	0.1	-0.29	0.04	0.1	0.17
17	fg1_m13	1	0.49	3	83.35	0.03	0.09	8.75	0.76	0.58	10.81	33.03	0.43	0.48	1062	16.55	92.56	105.88	0.2	-1.28	71.77	22.63	0.02	-0.42	0.2	0.02	1.13
18	fg1_m13	1	0.49	4	72.07	0.04	0.06	6.58	0.63	0.52	13.46	33.89	0.43	0.21	1488	21.06	-16.05	56.87	-0.0	-1.02	57.98	17.4	0.26	0.21	0.0	0.26	-0.13
19	fg1_m13	1	0.49	5	56.43	0.03	0.07	10.33	0.85	0.65	6.47	14.47	0.96	1.83	1496	23.44	-76.32	86.06	0.02	-1.12	56.25	17.29	0.22	-0.52	0.02	0.22	-0.08
20	fg1_m13	1	0.49	6	64.99	0.04	0.07	18.87	0.77	0.83	7.42	11.86	0.43	0.21	703	17.76	79.16	125.81	-0.04	-1.28	87.24	22.26	-0.11	-0.54	0.04	0.11	-2.08
21	fg1_m13	1	0.59	0	42.59	0.23	0.12	13.82	0.41	0.36	36.06	60.71	0.68	1.68	1160	18.87	10.3	47.6	-0.24	-1.24	64.25	19.54	0.55	-0.39	0.24	0.55	1.1
22	fg1_m13	1	0.59	1	74.33	0.05	0.07	14.94	0.66	0.82	14.01	15.64	0.43	0.48	800	19.03	-23.01	98.93	0.04	-1.43	87.99	22.45	0.44	-0.31	0.04	0.44	-0.14
23	fg1_m13	1	0.59	2	72.73	0.05	0.06	17.69	0.57	0.46	16.98	19.76	0.68	0.88	673	12.08	-12.45	84.58	0.08	-0.92	91.04	21.22	-0.49	0.16	0.08	0.49	-1.01
24	fg1_m13	1	0.59	3	54.07	0.05	0.06	10.23	0.72	0.52	3.1	7.96	0.96	0.48	1664	22.68	50.43	85.46	-0.1	-1.16	72.17	18.87	0.02	-0.77	0.1	0.02	-0.02
25	fg1_m13	1	0.59	4	54.43	0.1	0.1	15.12	0.41	0.25	19.1	35.86	1.09	2.11	993	17.34	-7.19	61.82	-0.33	-1.15	67.12	25.1	0.59	-0.51	0.33	0.59	-0.19
26	fg1_m13	1	0.59	5	53.06	0.07	0.06	28.28	0.52	0.38	16.71	16.47	0.43	1.3	368	10.96	-72.84	83.33	0.3	-0.72	108.3	25.19	-0.59	-0.48	0.3	0.59	2.01
27	fg1_m13	1	0.59	6	83.89	0.03	0.04	8.39	0.74	0.6	2.55	4.43	1.36	0.48	1347	23.18	34.48	95.08	-0.16	-0.84	71.21	18.94	0.17	-0.86	0.16	0.17	-0.24
28	fg1_m13	1	0.68	0	49.86	0.06	0.05	9.03	0.42	0.19	25.02	23.98	0.3	0.77	744	13.31	-8.82	49.19	0.15	-1.0	73.35	14.61	-0.33	0.12	0.15	0.33	0.47
29	fg1_m13	1	0.68	1	82.09	0.05	0.03	8.45	0.65	0.79	7.64	15.88	0.61	0.88	538	14.64	-23.41	76.01	-0.02	-1.21	86.02	11.09	-0.05	-0.4	0.02	0.05	-1.91
30	fg1_m13	1	0.68	2	53.52	0.05	0.05	11.54	0.63	0.6	8.46	13.67	0.3	0.77	1214	18.07	-37.28	102.56	0.1	-1.33	79.7	21.52	0.71	1.08	0.1	0.71	0.55
31	fg1_m13	1	0.68	4	67.44	0.06	0.07	10.12	0.48	0.23	10.63	15.74	0.61	0.21	1225	16.38	-6.67	48.37	-0.07	-1.08	66.07	12.33	0.63	0.38	0.07	0.63	1.13
32	fg1_m13	1	0.68	5	53.64	0.06	0.06	14.45	0.61	0.49	9.87	11.27	0.68	0.88	1162	16.89	-28.05	76.96	0.17	-0.88	81.14	14.92	0.05	0.59	0.17	0.05	0.47
33	fg1_m13	1	0.68	6	76.5	0.05	0.05	13.14	0.58	0.78	15.44	23.49	0.68	0.21	741	15.24	32.13	97.81	-0.16	-1.44	85.61	26.0	0.07	-0.46	0.16	0.07	-0.27
34	fg1_m13	1	0.88	0	64.07	0.05	0.06	5.14	0.16	0.38	25.44	17.49	0.3	0.21	368	7.4	1.08	30.15	-0.05	-1.11	87.23	18.78	0.83	0.2	0.05	0.83	1.75
35	fg1_m13	1	0.88	1	77.34	0.03	0.06	8.4	0.63	0.69	13.92	10.26	0.0	0.48	879	16.48	2.8	83.08	-0.08	-1.09	75.39	18.69	0.58	0.42	0.08	0.58	0.36
36	fg1_m13	1	0.88	2	53.92	0.03	0.04	17.48	0.41	0.67	3.4	5.91	0.3	0.21	368	9.69	-31.37	66.62	0.07	-0.92	101.9	19.02	0.23	-0.46	0.07	0.23	0.04
37	fg1_m13	1	0.88	3	66.2	0.03	0.04	10.49	0.3	0.19	4.03	4.09	0.3	0.48	368	9.15	13.55	57.04	0.16	-0.86	97.32	18.11	0.57	-0.25	0.16	0.57	-2.25
38	fg1_m13	1	0.88	4	55.8	0.04	0.04	5.89	0.17	0.33	3.68	4.18	0.3	0.48	368	8.23	-2.92	32.02	-0.03	-1.0	88.31	18.47	0.44	-0.6	0.03	0.44	1.27
39	fg1_m13	1	0.88	5	62.34	0.03	0.04	14.25	0.39	0.61	3.14	3.68	0.3	0.48	368	10.4	-34.82	59.04	-0.01	-0.94	101.25	19.46	0.29	-0.36	0.01	0.29	-1.85
40	fg1_m13	1	0.88	6	80.65	0.02	0.04	9.7	0.51	0.69	5.76	6.24	0.43	0.48	603	12.49	11.36	74.02	-0.01	-1.01	88.78	15.18	0.63	0.27	0.01	0.63	0.9
41	fg1_m13	1	1.17	0	63.47	0.05	0.05	6.97	0.15	0.23	6.41	5.98	0.0	0.48	368	6.89	-0.96	37.65	-0.05	-1.01	94.67	17.93	0.45	-0.45	0.05	0.45	1.96
42	fg1_m13	1	1.17	2	49.92	0.03	0.04	6.09	0.47	0.67	12.71	23.95	0.3	0.48	688	11.73	-7.92	72.84	-0.11	-1.02	88.25	18.15	0.95	0.62	0.11	0.95	1.4
43	fg1_m13	1	1.17	3	71.41	0.04	0.05	9.71	0.28	0.21	3.97	5.47	0.3	0.48	368	8.66	-4.09	57.03	-0.05	-0.92	101.94	18.78	0.61	-0.26	0.05	0.61	0.18
44	fg1_m13	1	1.17	4	72.04	0.04	0.04	5.18	0.16	0.39	15.21	11.19	0.61	0.48	368	7.72	-6.18	27.09	-0.14	-1.19	90.69	17.43	0.62	-0.47	0.14	0.62	-0.61
45	fg1_m13	1	1.17	6	74.97	0.02	0.04	5.1	0.51	0.72	7.74	7.96	0.3	0.48	627	12.38	-1.11	77.14	0.01	-1.06	88.77	20.31	0.58	-0.17	0.01	0.58	1.51
46	fg1_m13	1	1.27	0	80.23	0.05	0.05	7.67	0.19	0.25	12.49	15.86	0.0	0.48	368	8.13	-1.97	38.7	-0.11	-1.16	95.87	17.75	0.79	-0.15	0.11	0.79	-0.19
47	fg1_m13	1	1.27	1	76.84	0.03	0.05	10.59	0.49	0.64	16.35	15.9	0.0	0.21	620	12.23	1.12	82.19	-0.05	-1.09	93.11	21.68	0.6	-0.36	0.05	0.6	-0.61
48	fg1_m13	1	1.27	3	65.33	0.03	0.03	8.0	0.34	0.59	1.29	1.68	0.43	0.64	368	11.26	-8.59	46.16	-0.04	-1.11	95.31	19.32	0.79	-0.19	0.04	0.79	-0.05
49	fg1_m13	1	1.27	4	65.06	0.05	0.06	7.05	0.15	0.19	12.11	11.49	0.0	0.48	368	7.41	-3.4	36.21	-0.13	-0.95	96.75	14.38	0.54	-0.63	0.13	0.54	0.22
50	fg1_m13	1	1.27	5	47.94	0.04	0.04	18.53	0.37	0.43	8.86	13.45	0.3	0.48	368	9.31	-5.18	65.68	0.04	-0.86	104.94	20.59	0.22	-0.75	0.04	0.22	3.12
51	fg1_m13	1	1.27	6	67.91	0.03	0.04	9.19	0.64	0.81	3.37	2.42	0.0	0.48	717	17.06	-10.42	87.02	-0.0	-1.33	83.05	16.66	0.99	0.97	0.0	0.99	0.05
52	fg1_m13	1	1.37	0	59.02	0.07	0.06	5.52	0.15	0.54	4.48	3.74	0.43	0.21	368	6.61	-5.04	31.22	0.18	-1.06	95.1	17.87	0.61	-0.48	0.18	0.61	0.77
53	fg1_m13	1	1.37	2	46.09	0.03	0.04	15.84	0.38	0.53	2.79	4.84	0.0	0.21	367	9.59	-10.26	63.11	0.09	-0.96	106.04	21.16	0.33	-0.32	0.09	0.33	0.93
54	fg1_m13	1	1.37	3	55.02	0.04	0.04	8.99	0.28	0.11	10.22	16.15	0.0	0.21	368	7.78	-1.14	63.23	-0.11	-1.13	107.95	18.7	0.51	-0.6	0.11	0.51	1.52
55	fg1_m13	1	1.37	4	64.56	0.05	0.03	5.15	0.14	0.41	14.85	13.78	0.0	0.48	368	7.03	-5.73	25.82	-0.05	-1.14	91.3	14.56	0.3	-0.68	0.05	0.3	-1.04
56	fg1_m13	1	1.37	6	76.46	0.03	0.03	10.23	0.44	0.64	7.7	8.28	0.3	0.48	367	10.77	-4.18	58.89	-0.03	-1.0	99.78	19.8	0.29	-0.61	0.03	0.29	-0.5
57	fg1_m13	1	1.42	0	87.58	0.04	0.06	7.02	0.17	0.47	18.27	26.88	0.3	0.48	368	7.63	-2.53	33.83	-0.05	-1.06	94.76	18.79	0.65	-0.44	0.05	0.65	-0.35
58	fg1_m13	1	1.42	2	62.61	0.03	0.04	16.68	0.39	0.42	12.76	18.61	0.3	0.21	368	9.65	-6.67	67.27	0.04	-0.99	108.62	20.15	0.31	-0.57	0.04	0.31	-0.79
59	fg1_m13	1	1.42	3	57.06	0.03	0.03	8.02	0.31	0.6	2.17	3.87	0.3	0.48	368	9.16	-8.22	52.41	0.0	-1.12	100.81	20.83	0.75	-0.28	0.0	0.75	0.1
60	fg1_m13	1	1.42	5	59.37	0.03	0.03	6.0	0.32	0.31	5.8	8.13	0.0	0.48	368	7.22	-9.9	70.49	-0.06	-0.95	109.15	20.3	0.24	-0.51	0.06	0.24	1.77
61	fg1_m13	1	1.42	6	72.19	0.03	0.04	7.31	0.66	0.83	3.61	2.76	0.0	0.21	816	18.19	-7.21	100.4	-0.06	-1.47	85.08	15.67	1.15	1.23	0.06	1.15	-0.18
62	fg1_m13	1	1.47	1	84.14	0.03	0.05	8.09	0.47	0.6	5.3	12.54	0.3	0.21	657	11.56	-1.19	83.84	0.05	-0.97	93.18	22.03	0.31	-0.27	0.05	0.31	0.34
63	fg1_m13	1	1.47	2	62.06	0.03	0.04	10.91	0.55	0.77	1.68	3.14	0.3	0.21	780	14.92	-5.16	86.46	0.03	-1.4	83.67	19.24	1.18	1.43	0.03	1.18	2.32
64	fg1_m13	1	1.47	3	73.74	0.04	0.04	8.94	0.33	0.58	2.48	2.52	0.0	0.48	368	10.06	-6.01	48.34	-0.08	-1.15	100.41	20.77	0.85	0.01	0.08	0.85	0.36
65	fg1_m13	1	1.47	6	56.84	0.04	0.06	10.32	0.54	0.76	5.75	11.06	0.61	0.48	571	14.05	-11.92	73.03	-0.18	-1.09	93.9	18.9	0.78	0.1	0.18	0.78	-1.42
66	fg1_m13	1	1.52	0	70.57	0.04	0.04	6.62	0.2	0.3	5.69	8.2	0.43	0.48	368	7.03	-13.85	36.51	0.07	-1.03	95.16	15.42	0.48	-0.81	0.07	0.48	-0.57
67	fg1_m13	1	1.52	1	88.81	0.02	0.04	9.06	0.61	0.69	4.56	14.31	0.0	0.77	808	15.73	4.73	94.49	0.01	-1.22	87.08	16.44	1.11	1.06	0.01	1.11	0.09
68	fg1_m13	1	1.52	2	52.68	0.04	0.06	15.88	0.41	0.63	3.43	4.88	0.3	0.21	368	10.71	-8.87	57.48	0.02	-1.09	99.87	22.47	0.6	-0.25	0.02	0.6	1.37
69	fg1_m13	1	1.52	3	67.81	0.03	0.04	10.95	0.33	0.28	5.94	6.55	0.0	0.48	368	9.26	-2.7	62.75	0.07	-1.07	107.67	20.62	0.56	-0.34	0.07	0.56	0.74
70	fg1_m13	1	1.52	4	74.53	0.05	0.04	6.06	0.13	0.3	25.89	22.15	0.0	0.48	368	6.84	-3.42	27.33	0.02	-1.12	93.83	16.14	0.51	-0.68	0.02	0.51	-0.41
71	fg1_m13	1	1.52	5	60.33	0.03	0.04	11.61	0.5	0.73	11.84	19.34	0.43	0.48	633	13.41	-11.03	71.52	-0.0	-1.24	85.81	20.53	1.23	1.15	0.0	1.23	-0.61
72	fg1_m13	1	1.52	6	69.19	0.03	0.04	8.09	0.49	0.64	2.96	4.95	0.68	0.21	628	11.51	-4.47	84.79	-0.07	-1.06	93.89	18.42	0.78	0.08	0.07	0.78	0.78
73	fg1_m13	1	1.66	1	83.57	0.03	0.04	10.67	0.44	0.65	2.85	4.63	0.43	0.64	364	10.86	-0.66	59.87	-0.06	-0.93	102.7	18.3	0.34	-0.66	0.06	0.34	-0.43
74	fg1_m13	1	1.66	2	53.38	0.03	0.04	12.42	0.53	0.61	1.68	5.26	0.3	0.21	703	13.68	-4.97	74.0	-0.05	-1.15	88.43	18.58	1.3	1.55	0.05	1.3	-0.12
75	fg1_m13	1	1.66	3	70.78	0.04	0.04	9.55	0.31	0.22	3.63	4.16	0.3	0.48	368	8.63	-10.77	55.86	-0.03	-1.1	102.34	19.69	0.62	-0.38	0.03	0.62	-1.23
76	fg1_m13	1	1.66	4	79.8	0.04	0.04	6.36	0.11	0.22	53.76	38.23	0.3	0.21	368	5.44	-3.95	28.9	0.07	-0.82	95.31	14.72	0.65	-0.53	0.07	0.65	0.6
77	fg1_m13	1	1.66	5	54.66	0.02	0.03	6.91	0.48	0.62	1.08	2.48	0.0	0.21	688	12.44	-6.97	73.5	-0.02	-1.17	88.85	17.99	1.28	1.53	0.02	1.28	-0.03
78	fg1_m13	1	1.66	6	67.42	0.03	0.04	8.86	0.54	0.7	3.63	7.39	0.3	0.64	605	13.55	-9.17	76.71	0.04	-1.24	92.48	19.17	0.72	-0.11	0.04	0.72	2.08
79	fg1_m13	1	1.71	0	72.13	0.05	0.03	5.87	0.18	0.35	6.48	7.45	0.43	0.21	368	7.8	-6.52	35.33	0.04	-1.11	97.16	16.2	0.78	-0.39	0.04	0.78	1.41
80	fg1_m13	1	1.71	1	84.58	0.02	0.04	9.01	0.61	0.71	6.07	15.68	0.3	0.48	771	15.19	-1.79	93.85	-0.03	-1.3	86.08	17.35	1.03	1.51	0.03	1.03	0.46
81	fg1_m13	1	1.71	2	53.4	0.03	0.03	13.67	0.45	0.43	1.21	3.59	0.3	0.48	747	11.57	0.95	77.91	-0.01	-1.02	93.11	18.92	1.21	1.25	0.01	1.21	-1.86
82	fg1_m13	1	1.71	3	65.9	0.03	0.05	9.96	0.31	0.34	2.56	3.73	0.3	0.48	368	8.47	-13.37	59.76	0.01	-1.07	105.52	19.83	0.57	-0.43	0.01	0.57	0.78
83	fg1_m13	1	1.71	4	63.08	0.05	0.03	5.29	0.12	0.19	22.8	15.62	0.3	0.77	368	5.93	-8.6	27.84	-0.01	-1.23	94.47	14.94	0.47	-0.82	0.01	0.47	0.36
84	fg1_m13	1	1.71	5	59.92	0.03	0.03	5.51	0.46	0.5	3.52	8.02	0.0	0.48	712	11.96	0.84	76.69	0.03	-1.15	91.69	19.05	1.18	1.05	0.03	1.18	-0.32
85	fg1_m13	1	1.71	6	72.19	0.02	0.02	6.25	0.58	0.76	2.68	3.47	0.3	0.21	568	13.75	-10.51	82.45	0.09	-1.26	94.94	17.4	0.77	-0.2	0.09	0.77	0.25
86	fg1_m13	1	1.76	0	83.59	0.05	0.02	4.96	0.14	0.21	7.84	6.43	0.3	0.77	368	5.8	-8.33	36.17	-0.14	-1.12	96.85	17.44	0.62	-0.54	0.14	0.62	-0.44
87	fg1_m13	1	1.76	1	81.99	0.03	0.05	9.13	0.53	0.69	12.66	16.03	0.0	0.21	621	13.2	-7.63	76.86	-0.14	-1.03	88.36	20.81	0.73	0.13	0.14	0.73	-0.65
88	fg1_m13	1	1.76	2	62.82	0.04	0.05	6.32	0.37	0.59	10.6	12.92	0.0	0.48	366	8.9	3.11	62.6	0.04	-1.06	103.16	20.0	0.63	-0.42	0.04	0.63	0.53
89	fg1_m13	1	1.76	5	59.31	0.04	0.06	17.54	0.42	0.46	5.77	6.69	0.3	0.21	368	10.2	15.94	64.9	-0.06	-1.03	104.62	21.26	0.53	-0.47	0.06	0.53	-0.04
90	fg1_m13	1	1.76	6	72.85	0.03	0.04	8.3	0.58	0.75	1.64	1.74	0.0	0.64	584	13.82	-15.6	73.75	0.05	-1.34	87.53	17.81	1.01	0.87	0.05	1.01	-0.36
91	fg1_m13	1	1.81	0	72.16	0.04	0.05	6.93	0.14	-0.15	20.35	15.47	0.3	0.48	368	5.62	-9.9	40.3	-0.01	-1.1	100.4	16.85	0.82	-0.44	0.01	0.82	0.56
92	fg1_m13	1	1.81	1	84.4	0.05	0.06	10.54	0.44	0.61	5.34	12.56	0.3	0.77	660	11.49	-9.02	75.2	-0.11	-0.95	91.02	19.76	1.07	0.64	0.11	1.07	0.73
93	fg1_m13	1	1.81	2	57.03	0.03	0.03	6.66	0.46	0.61	2.86	6.05	0.0	0.21	677	11.68	8.77	71.1	0.03	-1.25	86.96	20.65	1.1	0.96	0.03	1.1	-0.26
94	fg1_m13	1	1.81	3	68.65	0.04	0.04	8.9	0.36	0.42	1.68	1.76	0.3	0.48	368	9.39	-20.4	52.23	0.04	-1.19	101.65	21.12	0.75	-0.26	0.04	0.75	-0.75
95	fg1_m13	1	1.81	4	73.8	0.05	0.04	6.19	0.13	0.16	29.11	18.92	0.0	0.48	368	6.54	-4.13	29.94	-0.13	-1.09	95.49	13.36	0.49	-0.49	0.13	0.49	-0.39
96	fg1_m13	1	1.81	5	53.13	0.04	0.04	14.01	0.41	0.61	1.88	3.86	0.0	0.21	368	10.24	9.86	57.68	0.0	-1.1	100.55	20.83	0.72	-0.38	0.0	0.72	0.41
97	fg1_m13	1	1.81	6	65.76	0.03	0.03	9.43	0.57	0.76	1.42	2.34	0.3	0.77	585	14.09	-16.47	76.32	0.03	-1.24	91.23	18.51	0.94	0.35	0.03	0.94	1.25
98	fg1_m13	1	1.86	0	72.61	0.04	0.04	7.32	0.18	0.34	11.59	12.11	0.3	0.77	368	6.93	-7.49	37.41	0.03	-1.26	98.19	18.19	0.65	-0.39	0.03	0.65	1.17
99	fg1_m13	1	1.86	2	51.8	0.03	0.03	5.33	0.45	0.65	1.8	5.35	0.0	0.48	665	11.45	8.52	76.54	0.01	-1.17	90.5	20.2	1.16	0.9	0.01	1.16	-0.35
100	fg1_m13	1	1.86	3	65.08	0.03	0.04	9.67	0.34	0.31	4.6	5.49	0.3	0.48	368	8.79	-21.33	58.8	-0.09	-1.08	102.72	20.59	0.57	-0.45	0.09	0.57	0.6
101	fg1_m13	1	1.86	4	73.72	0.04	0.05	5.21	0.14	0.37	8.04	9.63	0.3	0.48	368	7.92	-0.87	27.46	-0.02	-1.09	94.01	15.8	0.46	-0.5	0.02	0.46	1.16
102	fg1_m13	1	1.91	0	84.01	0.04	0.02	4.33	0.21	0.33	4.86	7.77	0.3	0.77	368	8.43	-5.29	34.19	-0.06	-1.34	96.48	17.45	0.85	-0.11	0.06	0.85	0.18
103	fg1_m13	1	1.91	2	56.08	0.03	0.04	16.22	0.39	0.5	4.09	4.39	0.0	0.21	368	9.39	9.62	65.82	0.06	-1.02	106.37	20.41	0.58	-0.24	0.06	0.58	-0.24
104	fg1_m13	1	1.91	3	56.69	0.03	0.05	8.51	0.39	0.32	3.52	6.28	0.3	0.48	368	9.6	-28.03	57.24	0.0	-1.1	103.08	20.2	0.75	-0.21	0.0	0.75	0.02
105	fg1_m13	1	1.91	4	75.08	0.07	0.03	4.6	0.16	0.27	16.78	9.76	0.0	0.48	368	7.86	3.99	27.58	-0.04	-1.06	95.04	13.99	0.56	-0.68	0.04	0.56	1.41
106	fg1_m13	1	1.91	6	71.28	0.03	0.04	9.05	0.61	0.7	2.85	3.39	0.3	0.48	751	15.24	-24.99	91.27	-0.03	-1.32	85.47	18.06	1.26	1.16	0.03	1.26	0.3
107	fg1_m13	1	1.96	3	63.63	0.03	0.04	8.57	0.42	0.57	2.24	3.05	0.3	0.64	368	10.11	-42.65	50.63	0.01	-1.25	100.23	21.65	0.86	-0.31	0.01	0.86	-1.21
108	fg1_m13	1	1.96	4	75.02	0.06	0.04	6.2	0.18	0.12	5.05	6.13	0.3	0.77	368	7.87	9.97	31.17	-0.1	-1.11	95.82	14.81	0.67	-0.5	0.1	0.67	-0.16
109	fg1_m13	1	1.96	5	53.42	0.04	0.06	15.98	0.44	0.51	4.86	6.84	0.0	0.48	368	11.25	17.74	63.34	-0.07	-1.02	104.05	20.79	0.6	-0.23	0.07	0.6	-1.01
110	fg1_m13	1	1.96	6	65.75	0.03	0.04	8.77	0.63	0.75	1.58	3.11	0.0	0.48	718	16.07	-34.42	88.56	-0.05	-1.42	84.98	18.95	1.31	1.05	0.05	1.31	-0.13
111	fg1_m13	1	2.0	1	89.73	0.03	0.04	11.73	0.46	0.62	5.24	10.45	0.3	0.64	367	10.49	19.23	63.09	-0.0	-0.88	101.41	19.82	0.42	-0.36	0.0	0.42	-0.08
112	fg1_m13	1	2.0	2	54.54	0.02	0.02	8.42	0.47	0.69	1.19	2.8	0.43	0.48	660	12.33	5.81	74.3	0.05	-1.27	90.19	19.01	1.42	1.61	0.05	1.42	1.29
113	fg1_m13	1	2.0	3	65.41	0.04	0.05	10.05	0.45	0.52	3.48	4.1	0.3	0.48	368	10.03	-49.57	58.25	-0.04	-1.15	105.67	19.5	0.78	-0.09	0.04	0.78	-1.4
114	fg1_m13	1	2.0	4	82.75	0.04	0.03	4.63	0.15	0.15	17.57	13.95	0.43	0.48	368	7.52	4.37	29.51	0.1	-1.14	95.87	14.4	0.66	-0.41	0.1	0.66	1.63
115	fg1_m13	1	2.0	6	65.26	0.03	0.04	9.88	0.51	0.7	2.19	3.33	0.0	0.48	360	11.25	-42.11	64.67	-0.11	-1.03	104.79	18.6	0.48	-0.46	0.11	0.48	-0.16
116	fg1_m13	1	2.05	0	78.54	0.05	0.03	6.68	0.22	0.25	6.47	13.34	0.3	0.48	368	8.71	-1.19	35.07	-0.04	-1.24	98.77	16.12	0.91	-0.05	0.04	0.91	0.42
117	fg1_m13	1	2.05	1	85.81	0.02	0.04	9.04	0.62	0.69	11.15	11.99	0.0	0.48	796	16.82	28.84	90.55	0.13	-1.33	90.13	17.99	1.11	1.25	0.13	1.11	-0.42
118	fg1_m13	1	2.05	2	53.52	0.03	0.04	16.53	0.38	0.47	3.04	4.39	0.3	0.21	368	8.84	17.4	64.47	-0.02	-1.07	106.96	19.97	0.58	-0.37	0.02	0.58	0.73
119	fg1_m13	1	2.05	3	62.8	0.04	0.07	27.1	0.5	0.11	28.37	50.85	3.05	0.88	1170	15.2	-30.65	116.25	1.07	1.65	121.53	63.56	1.76	2.2	1.07	1.76	-1.8
120	fg1_m13	1	2.05	4	75.31	0.09	0.04	4.43	0.22	0.27	13.23	11.84	0.3	0.48	368	8.93	19.53	25.74	-0.18	-1.07	98.35	14.96	0.51	-0.66	0.18	0.51	1.78
121	fg1_m13	1	2.05	5	63.44	0.03	0.03	6.11	0.53	0.67	15.7	34.05	0.0	0.48	643	13.68	9.59	76.45	-0.02	-1.25	95.61	18.91	1.03	0.69	0.02	1.03	1.97
122	fg1_m13	1	2.05	6	68.5	0.02	0.04	9.66	0.58	0.68	13.18	12.95	0.96	0.48	636	13.98	-51.63	82.5	0.01	-1.19	107.45	35.87	2.28	5.13	0.01	2.28	0.97
123	fg1_m13	1	2.1	0	80.03	0.07	0.04	7.93	0.21	0.38	21.7	24.61	0.43	0.48	368	8.05	18.26	46.77	0.32	-0.7	121.32	16.36	0.28	-0.68	0.32	0.28	-0.79
124	fg1_m13	1	2.1	1	76.47	0.05	0.05	22.93	0.5	0.69	12.99	21.78	0.68	0.64	1241	25.84	-51.59	95.41	0.35	-0.62	134.28	27.95	0.17	0.08	0.35	0.17	0.85
125	fg1_m13	1	2.1	2	69.77	0.03	0.05	19.65	0.43	0.19	14.18	13.18	0.3	0.21	368	10.51	51.84	90.7	0.04	-0.99	156.2	23.96	-0.48	-0.54	0.04	0.48	-0.85
126	fg1_m13	1	2.1	3	21.52	0.1	0.09	29.34	0.54	0.43	10.83	9.93	0.68	0.48	365	11.19	40.76	129.59	0.27	-1.24	180.95	51.52	-0.15	-1.11	0.27	0.15	-0.29
127	fg1_m13	1	2.1	4	79.58	0.15	0.03	7.35	0.32	0.5	34.96	24.79	0.43	0.48	368	10.64	-41.22	20.71	-0.49	-0.7	118.32	17.63	0.24	0.09	0.49	0.24	0.89
128	fg1_m13	1	2.1	5	46.4	0.06	0.04	17.94	0.45	0.59	2.87	3.26	0.0	0.48	635	11.58	12.09	116.8	-0.37	-0.98	152.99	28.21	-0.04	-0.85	0.37	0.04	-0.28
129	fg1_m13	1	2.1	6	73.47	0.07	0.06	20.26	0.62	0.62	52.65	55.55	0.68	0.77	945	16.09	35.37	143.01	0.26	-0.71	151.35	58.47	0.95	0.31	0.26	0.95	0.09
130	fg1_m13	1	2.15	0	80.05	0.07	0.03	6.12	0.2	-0.38	10.2	11.18	0.3	0.21	368	9.11	-4.5	38.87	0.15	-0.87	113.6	14.57	0.07	-0.71	0.15	0.07	0.29
131	fg1_m13	1	2.15	1	76.18	0.05	0.04	10.59	0.23	0.44	14.96	16.69	0.0	0.48	368	5.15	-12.67	56.58	-0.18	-0.99	114.88	19.64	0.43	-0.47	0.18	0.43	0.74
132	fg1_m13	1	2.15	2	70.16	0.04	0.03	6.72	0.3	0.34	3.91	3.46	0.0	0.48	368	8.91	7.24	55.5	0.08	-1.1	113.96	17.65	0.75	-0.16	0.08	0.75	0.81
133	fg1_m13	1	2.15	3	34.79	0.07	0.06	10.81	0.33	0.48	8.88	11.63	0.43	0.21	751	13.01	9.97	56.61	0.04	-1.22	120.31	24.45	0.4	-0.92	0.04	0.4	-0.37
134	fg1_m13	1	2.15	4	77.81	0.14	0.05	8.39	0.11	-0.45	34.32	33.96	0.3	0.48	368	5.76	-10.97	16.88	-0.25	-0.86	101.58	14.3	0.48	-0.18	0.25	0.48	-1.58
135	fg1_m13	1	2.15	5	36.0	0.03	0.04	8.68	0.43	0.6	3.62	6.9	0.3	0.48	673	12.93	-2.81	86.62	-0.3	-0.68	125.5	19.04	-0.08	-0.89	0.3	0.08	0.37
136	fg1_m13	1	2.15	6	64.46	0.05	0.04	6.47	0.48	0.75	4.62	4.51	0.43	0.21	793	15.35	-10.86	68.82	0.21	-1.4	94.77	16.83	1.13	1.34	0.21	1.13	0.2
137	fg1_m13	1	2.2	0	87.61	0.06	0.03	9.14	0.17	0.28	26.77	24.62	0.43	0.64	368	6.31	-5.53	40.42	0.04	-1.23	118.58	14.04	0.11	-0.58	0.04	0.11	-0.43
138	fg1_m13	1	2.2	1	89.08	0.06	0.03	10.78	0.34	0.3	8.82	10.41	0.0	0.48	368	9.67	-2.2	57.54	0.2	-1.16	125.68	16.12	0.19	-0.25	0.2	0.19	0.3
139	fg1_m13	1	2.2	2	45.51	0.05	0.03	7.9	0.3	0.39	4.18	6.68	0.3	0.48	368	9.6	-9.8	46.14	-0.11	-1.2	112.61	20.35	0.3	-0.15	0.11	0.3	-0.08
140	fg1_m13	1	2.2	3	56.42	0.06	0.03	8.59	0.28	0.41	5.03	4.9	0.0	0.48	367	9.29	-2.91	49.19	-0.08	-1.12	121.54	17.85	0.67	-0.23	0.08	0.67	-0.56
141	fg1_m13	1	2.2	4	87.21	0.09	0.05	6.15	0.1	0.35	28.43	26.91	0.68	0.88	368	6.47	-6.99	19.06	-0.06	-1.17	101.62	14.94	0.44	-0.83	0.06	0.44	-0.7
142	fg1_m13	1	2.2	5	45.39	0.03	0.04	5.89	0.45	0.61	3.3	4.29	0.43	0.48	665	14.45	-15.06	60.45	-0.18	-1.09	104.63	15.81	0.86	0.28	0.18	0.86	-1.12
143	fg1_m13	1	2.2	6	53.79	0.05	0.02	8.86	0.36	0.67	15.74	19.34	0.3	0.48	357	9.78	-11.96	54.98	-0.06	-1.12	121.01	19.42	-0.04	-0.75	0.06	0.04	1.35
144	fg1_m13	1	2.25	0	81.49	0.06	0.02	8.98	0.2	0.23	7.43	11.66	0.3	1.07	368	7.06	-7.79	43.39	-0.03	-1.3	119.78	13.95	-0.19	-0.51	0.03	0.19	1.53
145	fg1_m13	1	2.25	1	83.96	0.05	0.04	17.02	0.55	0.49	7.35	22.42	0.3	0.48	1008	40.18	-2.96	81.25	0.25	-1.28	107.57	16.63	0.63	0.53	0.25	0.63	-1.29
146	fg1_m13	1	2.25	2	43.39	0.06	0.03	12.48	0.31	0.52	6.48	6.74	0.43	0.21	368	8.75	-17.85	48.86	0.04	-1.2	118.77	18.46	0.41	-0.29	0.04	0.41	0.73
147	fg1_m13	1	2.25	3	57.43	0.04	0.04	8.6	0.27	0.49	3.28	4.38	0.3	0.48	368	8.03	3.65	52.4	-0.05	-1.26	121.56	18.82	0.34	-0.57	0.05	0.34	-0.35
148	fg1_m13	1	2.25	4	71.16	0.09	0.04	5.61	0.12	0.32	32.91	39.59	0.3	0.48	368	7.8	-8.94	16.38	0.02	-0.85	102.92	14.68	0.43	-0.52	0.02	0.43	1.43
149	fg1_m13	1	2.25	5	53.06	0.03	0.03	11.38	0.44	0.69	2.36	4.03	0.0	0.21	646	14.15	-22.93	59.09	0.02	-1.12	107.85	17.79	0.28	-0.34	0.02	0.28	1.14
150	fg1_m13	1	2.25	6	55.83	0.03	0.03	10.32	0.37	0.59	17.18	25.74	0.3	0.48	361	9.41	-1.17	62.72	-0.02	-0.88	124.37	18.59	-0.12	-0.48	0.02	0.12	-0.92
151	fg1_m13	1	2.3	0	84.18	0.05	0.03	8.04	0.19	0.33	26.54	27.0	0.3	0.48	368	6.29	-14.63	37.98	-0.07	-1.32	115.14	15.42	0.32	-0.58	0.07	0.32	1.55
152	fg1_m13	1	2.3	1	81.68	0.05	0.03	8.44	0.36	0.5	15.28	31.58	0.3	0.48	368	11.32	-15.27	50.55	0.15	-1.22	118.53	17.25	0.71	-0.13	0.15	0.71	-0.33
153	fg1_m13	1	2.3	2	45.71	0.05	0.04	14.17	0.32	0.54	4.63	6.35	0.0	0.21	368	8.52	-20.13	53.6	-0.09	-1.11	121.9	18.39	0.32	-0.33	0.09	0.32	-0.72
154	fg1_m13	1	2.3	3	53.19	0.04	0.04	7.71	0.26	0.4	4.4	5.33	0.43	0.64	368	8.2	4.87	50.41	-0.0	-1.15	122.9	17.03	0.45	-0.55	0.0	0.45	0.01
155	fg1_m13	1	2.3	4	72.36	0.11	0.03	6.69	0.13	0.33	28.05	18.36	0.0	0.21	368	7.49	-8.79	15.96	-0.02	-1.01	103.75	14.65	0.3	-0.95	0.02	0.3	-0.67
156	fg1_m13	1	2.3	5	56.16	0.03	0.03	6.45	0.39	0.73	4.02	6.88	0.0	0.48	581	11.5	-16.75	62.18	-0.01	-1.37	110.88	17.4	0.49	-0.21	0.01	0.49	-0.63
157	fg1_m13	1	2.3	6	59.2	0.04	0.03	10.23	0.41	0.59	3.42	5.74	0.3	0.48	616	11.88	7.13	71.49	0.14	-1.11	113.54	17.15	0.41	-0.11	0.14	0.41	-0.83
158	fg1_m13	1	2.35	0	74.61	0.07	0.05	10.02	0.22	0.28	10.36	13.07	0.3	0.48	368	7.37	-13.01	41.81	-0.03	-1.33	116.62	17.34	0.46	-0.36	0.03	0.46	1.25
159	fg1_m13	1	2.35	1	83.54	0.03	0.03	6.21	0.3	0.42	17.36	25.71	0.61	0.77	368	9.51	-9.76	51.49	-0.03	-1.21	119.72	19.86	0.68	-0.49	0.03	0.68	1.05
160	fg1_m13	1	2.35	2	43.59	0.04	0.03	9.1	0.29	0.42	7.61	11.7	0.3	0.48	368	7.28	-27.65	51.16	-0.11	-1.2	121.64	17.95	0.56	-0.22	0.11	0.56	-1.69
161	fg1_m13	1	2.35	3	46.31	0.05	0.04	7.39	0.26	0.25	15.87	21.63	0.3	0.48	368	8.46	11.0	48.59	-0.08	-1.11	122.19	17.36	0.42	-0.77	0.08	0.42	-1.52
162	fg1_m13	1	2.35	5	53.33	0.04	0.03	13.75	0.31	0.72	4.62	5.99	0.0	0.21	360	7.3	-23.64	54.03	0.0	-1.04	116.77	19.4	0.04	-0.57	0.0	0.04	0.78
163	fg1_m13	1	2.35	6	55.75	0.04	0.02	8.12	0.42	0.61	1.93	3.93	0.3	0.48	645	13.46	12.89	62.66	0.11	-1.18	111.59	13.24	0.85	0.84	0.11	0.85	-0.89
164	fg1_m13	1	2.4	0	82.96	0.06	0.04	9.56	0.22	0.24	11.61	14.27	0.3	0.48	368	7.38	-8.99	44.87	-0.16	-1.18	119.64	17.64	0.71	-0.39	0.16	0.71	-0.64
165	fg1_m13	1	2.4	1	80.55	0.04	0.03	10.22	0.29	0.42	19.08	22.62	0.0	0.21	368	8.21	-12.46	53.44	0.06	-1.03	123.65	18.66	0.3	-0.43	0.06	0.3	-0.35
166	fg1_m13	1	2.4	2	42.61	0.05	0.03	15.28	0.33	0.31	5.86	8.3	0.3	0.21	368	9.05	-26.43	50.12	0.04	-1.18	121.16	17.25	0.76	-0.13	0.04	0.76	-2.22
167	fg1_m13	1	2.4	3	47.47	0.05	0.04	8.63	0.27	0.26	4.79	7.19	0.3	0.48	368	8.8	15.99	45.57	-0.23	-1.11	120.21	15.84	0.34	-0.44	0.23	0.34	1.07
168	fg1_m13	1	2.4	4	38.04	0.14	0.04	5.22	0.15	-0.14	25.42	13.19	0.0	0.48	368	5.82	-11.96	14.93	0.09	-1.02	104.45	12.12	0.22	-0.56	0.09	0.22	0.54
169	fg1_m13	1	2.4	5	46.92	0.03	0.03	13.37	0.35	0.68	12.14	9.59	0.0	0.21	361	8.71	-23.59	52.65	0.08	-0.97	117.14	15.95	0.41	-0.66	0.08	0.41	2.05
170	fg1_m13	1	2.4	6	59.25	0.03	0.02	7.81	0.42	0.65	1.98	3.03	0.3	0.21	616	12.75	13.56	65.5	0.04	-1.36	113.04	14.71	0.47	-0.17	0.04	0.47	-0.96
171	fg1_m13	1	2.44	0	89.8	0.05	0.03	9.08	0.25	0.28	8.61	11.93	0.0	0.48	368	8.02	-11.7	44.99	-0.11	-1.2	119.53	17.65	0.53	-0.67	0.11	0.53	-0.36
172	fg1_m13	1	2.44	1	81.12	0.05	0.03	11.05	0.31	0.37	14.28	15.32	0.0	0.48	368	8.36	-17.89	55.1	0.01	-1.08	122.87	18.96	0.24	-0.84	0.01	0.24	1.24
173	fg1_m13	1	2.44	2	37.9	0.03	0.02	5.69	0.33	0.28	3.06	6.05	0.3	0.48	368	9.44	-28.54	50.55	-0.01	-1.21	122.51	18.45	0.73	-0.07	0.01	0.73	1.45
174	fg1_m13	1	2.44	3	47.29	0.04	0.05	8.48	0.29	0.27	15.31	34.15	0.61	0.21	752	11.93	-0.16	59.52	-0.26	-0.11	124.63	30.73	0.84	-0.05	0.26	0.84	0.47
175	fg1_m13	1	2.44	4	56.71	0.18	0.04	8.89	0.16	-0.08	47.45	50.7	0.43	0.48	368	5.71	-15.35	13.72	0.04	-0.72	103.85	12.41	0.38	-0.75	0.04	0.38	-0.76
176	fg1_m13	1	2.44	5	45.48	0.04	0.03	8.62	0.43	0.68	3.44	8.21	0.0	0.48	607	12.69	-22.42	66.01	0.13	-1.18	112.9	14.58	0.58	-0.38	0.13	0.58	-0.74
177	fg1_m13	1	2.44	6	55.71	0.04	0.04	12.57	0.48	0.68	4.86	7.98	0.3	0.48	823	15.55	0.9	94.42	-0.25	-1.02	118.18	16.22	0.48	-0.96	0.25	0.48	0.56
178	fg1_m13	1	2.54	0	82.27	0.05	0.04	8.24	0.32	0.43	18.12	44.18	0.0	0.21	736	11.43	-20.4	49.37	0.04	-1.33	119.2	18.21	0.69	-0.25	0.04	0.69	-0.23
179	fg1_m13	1	2.54	1	80.05	0.04	0.03	8.8	0.27	0.49	13.49	15.33	0.0	0.21	368	9.62	-14.41	45.03	0.02	-1.04	123.64	16.25	-0.41	-0.38	0.02	0.41	-0.15
180	fg1_m13	1	2.54	2	25.12	0.06	0.03	8.23	0.27	0.26	19.95	17.37	0.0	0.48	368	9.87	-1.06	47.62	-0.09	-0.83	127.72	14.89	0.24	-0.34	0.09	0.24	-1.22
181	fg1_m13	1	2.54	4	27.18	0.47	0.03	5.88	0.08	0.14	52.67	36.87	0.3	0.48	368	7.26	-7.8	7.71	0.27	-0.34	106.28	12.14	0.1	-0.45	0.27	0.1	-0.14
182	fg1_m13	1	2.54	5	35.61	0.06	0.03	8.77	0.41	0.65	9.62	18.36	0.43	0.88	838	15.06	-14.15	70.05	-0.19	-1.38	126.74	13.37	0.63	-0.12	0.19	0.63	-0.13
183	fg1_m13	1	2.54	6	54.68	0.06	0.03	13.22	0.34	0.64	22.55	31.54	0.91	1.37	887	14.95	-4.99	63.74	0.56	-0.59	120.15	16.78	0.43	-0.14	0.56	0.43	0.84
184	fg1_m13	1	2.64	0	81.08	0.08	0.04	12.2	0.32	0.36	18.26	43.52	0.3	0.21	749	12.02	-13.69	54.01	0.01	-1.2	130.26	15.42	0.54	0.13	0.01	0.54	2.07
185	fg1_m13	1	2.64	1	87.14	0.07	0.03	10.49	0.3	0.45	7.7	17.7	0.3	0.48	759	11.64	-19.71	53.77	-0.25	-1.14	126.82	16.95	0.32	-0.14	0.25	0.32	-1.84
186	fg1_m13	1	2.64	2	31.21	0.04	0.02	14.34	0.21	0.26	7.57	8.24	0.3	0.21	368	7.49	-10.22	44.48	0.05	-0.97	126.92	15.97	-0.05	-0.63	0.05	0.05	-0.45
187	fg1_m13	1	2.64	3	31.45	0.06	0.04	7.96	0.29	0.33	27.41	26.09	0.0	0.48	368	9.54	-3.17	49.94	0.06	-0.8	131.72	18.28	0.04	-0.53	0.06	0.04	-0.82
188	fg1_m13	1	2.64	4	24.77	0.14	0.04	6.18	0.1	0.11	56.4	32.91	0.3	0.48	368	10.67	-9.91	10.11	-0.02	0.03	109.07	14.68	0.25	-0.63	0.02	0.25	-1.77
189	fg1_m13	1	2.64	5	54.3	0.06	0.03	13.96	0.35	0.59	17.9	22.7	0.43	0.21	666	13.4	-6.31	56.65	0.38	-0.8	125.59	15.15	0.5	-0.5	0.38	0.5	1.67
190	fg1_m13	1	2.64	6	44.78	0.07	0.03	10.94	0.35	0.64	6.34	9.95	0.3	0.48	650	13.81	-5.39	54.58	0.32	-1.01	136.34	14.93	0.11	-0.1	0.32	0.11	0.11
191	fg1_m13	1	2.74	0	83.35	0.04	0.02	8.53	0.23	0.41	11.75	18.01	0.3	0.48	368	7.52	-10.34	41.41	0.04	-1.22	128.82	15.01	0.07	-0.79	0.04	0.07	-0.92
192	fg1_m13	1	2.74	1	83.58	0.05	0.02	6.56	0.27	0.44	10.26	12.52	0.68	1.07	368	9.26	-18.53	43.02	-0.01	-1.12	130.22	15.14	0.22	-0.73	0.01	0.22	1.42
193	fg1_m13	1	2.74	2	35.59	0.04	0.02	12.47	0.26	0.23	9.09	9.59	0.61	0.77	368	8.35	-11.59	44.09	0.01	-1.08	130.91	15.03	0.16	-0.66	0.01	0.16	-0.2
194	fg1_m13	1	2.74	3	39.69	0.04	0.02	7.95	0.26	0.32	2.69	4.22	0.3	0.64	368	8.81	-3.54	49.23	0.15	-1.07	137.01	15.84	0.28	-0.56	0.15	0.28	-0.16
195	fg1_m13	1	2.74	4	16.38	0.31	0.03	5.2	0.11	0.19	27.79	13.54	0.3	0.48	368	6.88	-14.81	8.86	0.05	0.07	111.37	13.61	0.2	-0.42	0.05	0.2	-1.0
196	fg1_m13	1	2.74	5	47.56	0.05	0.02	6.08	0.3	0.65	23.58	26.96	0.0	0.48	634	13.03	-2.91	45.12	0.08	-1.04	124.26	14.17	0.38	-0.49	0.08	0.38	1.05
197	fg1_m13	1	2.74	6	47.31	0.04	0.03	7.21	0.35	0.65	3.25	9.5	0.3	0.48	665	13.36	6.59	54.83	-0.14	-1.15	121.91	13.23	0.37	-0.43	0.14	0.37	-0.79
198	fg1_m13	1	2.83	0	80.83	0.05	0.02	9.2	0.21	0.44	18.39	24.63	0.0	0.48	368	7.89	-8.52	41.55	-0.03	-1.1	129.47	15.1	0.21	-0.81	0.03	0.21	0.5
199	fg1_m13	1	2.83	1	84.91	0.03	0.02	6.76	0.26	0.46	10.62	13.16	0.0	0.21	368	8.89	-16.09	44.13	0.06	-1.21	132.27	17.04	-0.01	-0.59	0.06	0.01	0.06
200	fg1_m13	1	2.83	2	35.27	0.04	0.02	6.68	0.21	0.23	7.16	8.55	0.3	0.48	368	7.22	-13.58	44.59	0.04	-1.04	133.16	13.17	0.25	-0.38	0.04	0.25	0.64
201	fg1_m13	1	2.83	3	34.92	0.03	0.02	7.13	0.26	0.29	3.29	5.78	0.43	0.88	368	9.24	-2.7	48.08	0.15	-0.97	138.8	13.88	0.1	-0.82	0.15	0.1	-0.83
202	fg1_m13	1	2.83	4	55.64	0.13	0.03	4.51	0.1	0.17	29.27	19.83	0.3	0.48	368	5.97	-13.77	9.68	-0.28	1.81	111.14	13.47	0.2	-0.63	0.28	0.2	1.97
203	fg1_m13	1	2.83	5	50.87	0.04	0.03	10.46	0.33	0.65	14.48	11.54	0.3	0.48	638	12.84	-9.94	52.98	0.12	-1.01	125.48	12.77	0.41	-0.63	0.12	0.41	0.79
204	fg1_m13	1	2.83	6	45.26	0.04	0.02	7.43	0.32	0.63	2.17	6.14	0.3	0.48	658	12.93	-4.53	53.46	-0.18	-1.03	129.44	13.58	0.29	-0.33	0.18	0.29	-1.58
205	fg1_m13	1	2.92	0	80.05	0.06	0.02	9.48	0.22	0.34	19.35	18.4	0.3	0.48	368	8.24	-2.8	41.64	-0.15	-1.05	129.3	14.94	0.22	-1.02	0.15	0.22	0.64
206	fg1_m13	1	2.92	1	80.92	0.04	0.02	6.6	0.25	0.36	6.55	7.57	0.61	1.07	368	9.21	-6.97	44.28	-0.08	-1.19	132.78	16.21	0.15	-0.79	0.08	0.15	-0.76
207	fg1_m13	1	2.92	2	36.01	0.05	0.02	12.36	0.21	0.3	18.43	27.37	0.3	0.21	368	7.48	5.25	41.4	-0.03	-1.11	131.6	16.28	0.04	-0.74	0.03	0.04	-0.36
208	fg1_m13	1	2.92	3	39.34	0.03	0.02	8.16	0.27	0.45	2.78	5.11	0.43	0.88	368	9.37	-25.98	46.41	0.05	-1.05	137.01	14.8	0.31	-0.57	0.05	0.31	-0.8
209	fg1_m13	1	2.92	4	26.26	0.16	0.03	4.78	0.09	-0.12	62.55	48.37	0.3	1.07	368	7.0	-7.91	9.63	-0.32	0.0	108.71	12.73	0.15	-0.81	0.32	0.15	0.75
210	fg1_m13	1	2.92	5	50.82	0.04	0.02	9.84	0.34	0.67	14.51	24.11	0.0	0.21	655	13.77	2.69	49.5	-0.02	-1.05	123.51	10.96	0.69	0.2	0.02	0.69	-0.21
211	fg1_m13	1	2.92	6	45.48	0.03	0.02	7.62	0.32	0.63	2.26	5.33	0.0	0.48	669	11.79	-16.4	51.97	-0.07	-0.93	126.45	12.92	0.79	-0.07	0.07	0.79	-0.66
212	fg1_m13	1	3.02	0	78.1	0.05	0.02	9.59	0.25	0.33	6.27	9.42	0.3	0.77	368	8.92	-5.98	44.96	-0.04	-1.15	132.98	15.28	0.31	-0.43	0.04	0.31	-0.67
213	fg1_m13	1	3.02	2	36.72	0.04	0.03	8.27	0.24	0.33	4.61	6.39	0.43	0.48	368	8.2	-8.3	45.53	0.03	-1.07	132.98	16.09	0.32	-0.67	0.03	0.32	0.9
214	fg1_m13	1	3.02	5	51.87	0.03	0.02	10.44	0.34	0.64	13.38	18.41	0.3	0.64	645	13.22	-7.98	55.1	-0.05	-0.98	128.94	12.88	0.15	-0.73	0.05	0.15	0.88
215	fg1_m13	1	3.02	6	44.87	0.03	0.03	7.78	0.32	0.64	3.38	6.2	0.3	0.48	658	12.13	-3.71	55.36	-0.1	-0.94	130.9	15.22	-0.01	-0.16	0.1	0.01	0.16
216	fg1_m13	1	3.12	0	83.84	0.05	0.03	9.18	0.23	0.35	21.95	29.11	0.3	0.48	368	8.21	-1.64	45.52	-0.01	-1.09	129.67	17.13	0.04	-0.64	0.01	0.04	1.32
217	fg1_m13	1	3.12	1	83.58	0.03	0.02	10.05	0.25	0.39	7.03	12.59	0.3	0.48	368	7.62	-11.3	49.0	-0.01	-1.08	131.77	17.28	-0.13	-0.94	0.01	0.13	0.3
218	fg1_m13	1	3.12	2	35.47	0.03	0.02	6.95	0.23	0.34	4.76	6.5	0.3	0.48	368	7.69	-18.11	43.16	0.0	-1.2	132.19	15.77	0.51	-0.27	0.0	0.51	-1.08
219	fg1_m13	1	3.12	3	38.21	0.04	0.02	8.24	0.27	0.46	4.32	6.94	0.3	0.48	368	9.32	12.3	48.7	-0.02	-0.93	135.89	15.64	0.21	-0.67	0.02	0.21	-0.57
220	fg1_m13	1	3.12	4	20.13	0.27	0.02	4.68	0.12	-0.04	33.65	30.65	0.0	0.48	368	6.59	-15.56	9.24	-0.05	-0.62	110.44	12.18	0.24	-0.83	0.05	0.24	0.63
221	fg1_m13	1	3.12	5	50.01	0.03	0.02	6.57	0.33	0.65	14.64	18.73	0.43	0.48	645	13.06	-17.5	49.81	-0.03	-1.02	124.58	13.37	0.09	-0.84	0.03	0.09	0.54
222	fg1_m13	1	3.12	6	47.33	0.05	0.03	10.84	0.32	0.65	12.46	19.1	0.0	0.64	656	12.54	2.69	55.41	-0.05	-0.99	129.03	13.34	0.38	-0.03	0.05	0.38	-1.35
223	fg1_m13	1	3.22	0	87.14	0.05	0.02	8.86	0.23	0.35	3.81	9.18	0.0	0.77	368	7.58	-10.51	43.84	-0.01	-1.27	129.29	14.96	0.43	-0.6	0.01	0.43	-0.64
224	fg1_m13	1	3.22	1	84.35	0.05	0.03	10.52	0.26	0.37	34.85	32.9	0.3	0.48	368	8.29	-17.58	46.54	-0.05	-1.21	130.9	14.86	-0.01	-0.67	0.05	0.01	1.24
225	fg1_m13	1	3.22	2	35.17	0.05	0.03	11.7	0.22	0.32	9.79	8.98	0.3	0.21	368	7.89	-7.15	43.79	0.03	-1.0	130.27	16.68	0.28	-0.71	0.03	0.28	-0.35
226	fg1_m13	1	3.22	3	39.12	0.06	0.02	8.83	0.28	0.45	7.87	13.84	0.43	0.48	368	9.63	-2.09	47.79	-0.12	-0.93	135.76	15.59	0.38	-0.46	0.12	0.38	1.34
227	fg1_m13	1	3.22	4	39.41	0.5	0.03	8.85	0.11	-0.11	62.74	36.61	0.0	0.48	368	6.44	-13.63	9.56	-0.17	0.16	107.62	12.36	0.3	-0.78	0.17	0.3	0.71
228	fg1_m13	1	3.22	5	49.44	0.04	0.02	6.6	0.32	0.66	14.72	31.62	0.3	0.21	633	13.11	-5.76	49.44	-0.04	-1.12	123.65	12.56	0.61	-0.43	0.04	0.61	0.25
229	fg1_m13	1	3.22	6	45.35	0.03	0.02	7.63	0.33	0.6	12.51	16.34	0.0	0.77	664	12.42	-3.37	55.13	0.21	-0.98	128.7	12.65	0.46	-0.14	0.21	0.46	-0.15
230	fg1_m13	1	3.31	0	80.12	0.06	0.03	10.14	0.25	0.41	11.24	14.79	0.3	0.48	368	7.95	-3.27	45.3	-0.08	-1.23	128.83	14.58	0.54	-0.51	0.08	0.54	0.71
231	fg1_m13	1	3.31	1	82.86	0.05	0.03	9.86	0.27	0.44	16.32	15.98	0.61	1.07	368	8.79	-16.41	45.98	-0.05	-1.17	132.09	15.29	0.07	-0.62	0.05	0.07	-0.28
232	fg1_m13	1	3.31	2	35.03	0.05	0.03	11.58	0.24	0.2	7.38	8.85	0.3	0.21	368	7.73	-13.08	45.08	0.08	-1.05	132.08	15.83	0.23	-0.81	0.08	0.23	0.98
233	fg1_m13	1	3.31	4	12.48	0.23	0.02	3.58	0.15	-0.11	32.81	20.38	0.43	0.64	368	7.07	-16.64	9.73	0.21	-0.39	108.38	12.4	-0.07	-0.37	0.21	0.07	0.95
234	fg1_m13	1	3.31	5	49.68	0.03	0.02	11.43	0.3	0.65	3.63	5.72	0.0	0.21	365	11.32	-10.37	42.5	0.19	-0.78	128.91	13.05	-0.0	-0.63	0.19	0.0	-0.86
235	fg1_m13	1	3.31	6	45.45	0.04	0.02	7.42	0.33	0.65	2.02	4.74	0.0	0.64	653	12.62	4.61	55.46	-0.05	-0.92	128.88	13.41	0.4	-0.48	0.05	0.4	0.23
236	fg1_m13	1	3.41	0	80.61	0.05	0.02	9.23	0.25	0.4	15.25	18.98	0.0	0.48	368	8.36	-4.7	45.49	-0.06	-1.23	132.18	15.11	-0.06	-0.66	0.06	0.06	-0.52
237	fg1_m13	1	3.41	1	82.79	0.04	0.03	6.88	0.27	0.47	17.84	16.71	0.61	1.07	368	9.05	-15.27	46.43	-0.05	-1.1	132.09	15.76	-0.12	-0.88	0.05	0.12	-1.39
238	fg1_m13	1	3.41	4	16.95	0.2	0.02	4.02	0.16	-0.04	44.71	42.88	0.3	0.77	368	7.05	-19.06	9.79	-0.14	-0.41	110.53	11.57	0.12	-0.81	0.14	0.12	-1.27
239	fg1_m13	1	3.41	5	53.1	0.04	0.02	10.24	0.34	0.64	3.34	8.5	0.0	0.21	637	13.04	-14.75	54.32	0.04	-1.11	127.67	11.57	0.7	-0.2	0.04	0.7	-0.99
240	fg1_m13	1	3.41	6	44.79	0.04	0.02	6.64	0.34	0.63	16.97	25.65	0.3	0.48	655	12.41	2.93	56.62	-0.05	-1.02	129.81	12.44	0.62	0.24	0.05	0.62	0.5
241	fg1_m13	1	8.38	0	70.83	0.04	0.02	7.4	0.34	0.92	2.42	4.31	0.61	0.48	746	219.11	-6.09	49.53	0.01	-1.38	117.78	13.01	1.11	0.63	0.01	1.11	-1.73
242	fg1_m13	1	8.38	3	44.4	0.04	0.03	7.51	0.43	0.59	0.55	1.12	0.3	0.64	778	56.49	1.16	70.26	-0.02	-1.33	127.52	12.54	0.94	0.48	0.02	0.94	-0.15
243	fg1_m13	1	8.38	4	44.91	0.48	0.02	8.99	0.18	0.81	2.17	4.11	0.0	0.77	689	30.37	-15.64	17.65	0.01	-1.35	106.51	12.29	0.9	0.24	0.01	0.9	0.96
244	fg1_m13	1	8.38	5	60.24	0.03	0.02	8.16	0.46	0.55	1.63	1.58	0.0	0.48	783	36.53	-15.44	71.6	-0.01	-1.31	126.66	7.63	1.0	0.37	0.01	1.0	-1.05
245	fg1_m13	1	8.38	6	47.4	0.03	0.02	8.13	0.47	0.58	1.67	3.01	0.0	0.48	788	36.52	-4.64	76.75	0.04	-1.31	129.38	11.02	1.2	1.08	0.04	1.2	-1.35
