Counter	Image	class label	Myr	Viewpoint	Delta PA	v_asym	s_asym	resids	lambda_r	epsilon	A	A_2	deltapos	deltapos2
0	fg3_m12	1	1.66	0	5.75	0.04	0.07	11.55	0.35	0.13	12.6	21.11	0.0	0.77
1	fg3_m12	1	1.66	1	2.19	0.03	0.06	11.85	0.63	0.54	12.78	26.92	0.68	0.77
2	fg3_m12	1	1.66	2	1.76	0.03	0.06	19.53	0.54	0.35	5.03	6.4	0.3	0.48
3	fg3_m12	1	1.66	5	1.73	0.04	0.04	12.18	0.66	0.61	12.72	17.01	0.0	0.48
4	fg3_m12	1	1.76	0	12.43	0.05	0.07	12.32	0.37	0.11	5.76	12.17	0.43	0.48
5	fg3_m12	1	1.76	1	3.0	0.03	0.05	11.68	0.68	0.5	16.17	36.33	0.68	0.21
6	fg3_m12	1	1.76	2	4.01	0.03	0.04	14.29	0.67	0.31	13.32	32.68	1.36	0.48
7	fg3_m12	1	1.76	3	5.8	0.04	0.1	17.86	0.57	0.3	30.91	38.14	1.92	0.64
8	fg3_m12	1	1.76	4	30.14	0.05	0.07	6.72	0.46	0.06	12.95	22.33	1.09	0.21
9	fg3_m12	1	1.76	5	85.03	0.22	0.12	31.5	0.6	0.64	90.1	92.64	2.21	0.48
11	fg3_m12	1	1.81	0	20.8	0.07	0.03	16.64	0.42	0.29	21.74	28.83	0.43	0.21
12	fg3_m12	1	1.81	1	28.63	0.07	0.09	36.14	0.53	0.59	14.49	23.47	2.21	0.48
13	fg3_m12	1	1.81	2	68.74	0.04	0.05	24.48	0.55	0.15	15.51	26.25	1.09	0.21
14	fg3_m12	1	1.81	3	36.62	0.09	0.13	58.07	0.71	0.58	4.85	15.64	0.43	1.68
15	fg3_m12	1	1.81	4	52.54	0.43	0.1	14.58	0.32	0.27	32.53	44.58	3.27	0.48
16	fg3_m12	1	1.81	5	59.25	0.23	0.13	26.33	0.69	0.59	21.38	31.81	2.19	0.64
17	fg3_m12	1	1.81	6	32.7	0.1	0.1	71.89	0.56	0.6	26.9	36.26	1.21	1.83
18	fg3_m12	1	1.86	0	17.23	0.06	0.03	14.49	0.31	0.16	12.01	12.54	0.43	0.21
19	fg3_m12	1	1.86	1	29.5	0.07	0.06	14.05	0.53	0.39	8.28	16.9	0.43	0.48
20	fg3_m12	1	1.86	2	31.62	0.06	0.09	13.09	0.44	0.27	7.59	12.81	0.61	0.77
21	fg3_m12	1	1.86	3	44.75	0.1	0.06	18.92	0.59	0.57	6.38	18.05	0.91	1.16
22	fg3_m12	1	1.86	4	41.77	0.09	0.03	6.84	0.14	0.12	17.26	11.92	0.3	0.48
23	fg3_m12	1	1.86	6	38.02	0.12	0.12	37.25	0.5	0.66	28.0	24.1	3.84	0.77
24	fg3_m12	1	1.91	0	1.78	0.08	0.03	14.81	0.36	0.19	32.0	50.03	0.3	0.48
25	fg3_m12	1	1.91	2	5.97	0.06	0.05	11.27	0.45	0.34	6.31	8.65	0.3	0.48
26	fg3_m12	1	1.91	3	15.16	0.06	0.06	14.92	0.51	0.52	22.95	30.73	0.3	0.77
27	fg3_m12	1	1.91	4	51.2	0.12	0.05	10.03	0.15	0.09	19.83	15.47	0.3	0.21
28	fg3_m12	1	1.91	6	63.8	0.07	0.05	7.35	0.34	0.62	14.34	11.98	0.3	0.48
29	fg3_m12	1	2.0	0	7.36	0.07	0.05	17.63	0.39	0.27	16.01	17.1	0.0	0.48
30	fg3_m12	1	2.0	1	84.58	0.45	0.2	11.79	0.56	0.34	78.84	33.22	2.86	0.88
31	fg3_m12	1	2.0	2	1.21	0.08	0.05	19.43	0.42	0.25	17.7	20.56	0.43	0.21
32	fg3_m12	1	2.0	3	1.62	0.19	0.05	26.25	0.26	0.3	21.73	33.46	0.3	0.77
33	fg3_m12	1	2.0	4	59.66	0.54	0.07	8.49	0.15	0.04	28.35	7.9	0.0	0.21
34	fg3_m12	1	2.0	5	56.54	0.15	0.09	28.77	0.61	0.62	40.17	62.7	3.35	0.48
35	fg3_m12	1	2.0	6	40.82	0.11	0.07	18.55	0.59	0.55	40.25	22.3	1.63	0.21
36	fg3_m12	1	2.05	0	6.33	0.04	0.05	22.28	0.43	0.44	13.8	11.68	0.61	1.3
37	fg3_m12	1	2.05	1	28.71	0.11	0.07	20.66	0.17	0.33	51.17	49.79	0.43	1.3
38	fg3_m12	1	2.05	2	13.54	0.11	0.07	24.41	0.33	0.05	38.85	32.58	0.0	0.88
39	fg3_m12	1	2.05	3	26.01	0.08	0.04	22.22	0.35	0.32	13.77	19.52	0.3	0.88
40	fg3_m12	1	2.05	4	14.58	0.11	0.07	11.33	0.26	0.2	55.28	37.95	0.3	0.88
41	fg3_m12	1	2.05	5	1.71	0.14	0.06	39.88	0.44	0.55	37.71	44.51	1.25	1.73
42	fg3_m12	1	2.05	6	7.77	0.2	0.05	31.91	0.38	0.52	23.42	24.54	0.61	0.88
43	fg3_m12	1	2.15	0	45.72	0.06	0.02	17.53	0.33	0.34	18.17	16.63	0.0	0.48
44	fg3_m12	1	2.15	2	6.17	0.07	0.02	13.13	0.24	0.09	12.14	15.88	0.0	0.48
45	fg3_m12	1	2.15	3	4.85	0.11	0.08	14.59	0.21	0.24	5.41	5.91	0.61	1.07
46	fg3_m12	1	2.15	4	9.71	0.11	0.02	10.09	0.17	0.1	44.68	38.52	0.3	0.77
47	fg3_m12	1	2.15	5	0.99	0.04	0.02	19.12	0.34	0.42	37.73	34.59	0.0	0.77
48	fg3_m12	1	2.15	6	12.9	0.09	0.07	13.25	0.25	0.3	27.62	28.92	0.0	0.48
49	fg3_m12	1	2.2	1	44.5	0.09	0.05	9.97	0.14	0.11	26.42	16.37	0.43	1.07
50	fg3_m12	1	2.2	2	6.15	0.06	0.04	14.14	0.25	0.12	5.14	8.63	0.3	0.21
51	fg3_m12	1	2.2	3	4.64	0.13	0.06	19.65	0.16	0.22	23.37	31.5	0.0	0.21
52	fg3_m12	1	2.2	4	13.2	0.08	0.04	9.56	0.15	0.14	13.26	13.08	0.43	0.48
53	fg3_m12	1	2.2	5	3.14	0.06	0.03	16.29	0.33	0.46	18.87	31.19	0.0	0.48
54	fg3_m12	1	2.2	6	4.0	0.1	0.05	13.34	0.23	0.32	18.96	19.71	0.0	0.48
55	fg3_m12	1	2.25	0	5.45	0.09	0.04	21.02	0.27	0.39	57.31	27.26	0.0	0.64
56	fg3_m12	1	2.25	1	3.03	0.12	0.04	10.18	0.15	0.13	35.16	26.66	0.0	0.48
57	fg3_m12	1	2.25	2	6.64	0.04	0.03	15.28	0.25	0.09	13.36	16.53	0.3	0.77
58	fg3_m12	1	2.25	4	10.4	0.12	0.05	8.83	0.14	0.15	35.18	25.02	0.0	0.77
59	fg3_m12	1	2.25	5	6.54	0.05	0.02	18.45	0.35	0.47	25.02	38.25	0.3	0.48
60	fg3_m12	1	2.25	6	0.6	0.13	0.06	26.15	0.3	0.35	45.46	62.09	0.3	1.16
61	fg3_m12	1	2.35	0	7.4	0.09	0.04	16.92	0.27	0.37	34.56	40.09	0.0	0.48
62	fg3_m12	1	2.35	2	23.8	0.06	0.05	14.05	0.18	0.1	6.45	7.01	0.43	0.21
63	fg3_m12	1	2.35	3	0.81	0.11	0.05	10.39	0.13	0.23	33.1	36.15	0.3	0.48
64	fg3_m12	1	2.35	4	8.8	0.07	0.03	7.7	0.17	0.14	25.36	19.51	0.3	0.48
65	fg3_m12	1	2.35	5	5.56	0.04	0.03	16.77	0.38	0.48	23.01	39.5	0.3	0.48
66	fg3_m12	1	2.35	6	1.73	0.07	0.03	10.34	0.23	0.35	21.07	27.39	0.3	0.48
67	fg3_m12	1	2.44	0	6.97	0.06	0.05	10.65	0.29	0.37	48.02	33.73	0.43	0.21
69	fg3_m12	1	2.54	0	4.12	0.07	0.06	17.39	0.27	0.35	33.63	31.35	0.43	0.64
70	fg3_m12	1	2.54	1	3.08	0.18	0.06	12.23	0.1	0.06	17.62	13.48	0.0	0.21
71	fg3_m12	1	2.54	2	21.77	0.04	0.05	11.16	0.28	0.14	9.67	12.31	0.43	0.21
72	fg3_m12	1	2.54	3	8.54	0.08	0.05	10.18	0.29	0.35	3.15	7.4	0.3	0.48
73	fg3_m12	1	2.54	4	4.66	0.08	0.04	9.04	0.18	0.09	11.37	11.67	0.3	0.77
74	fg3_m12	1	2.54	5	18.12	0.06	0.05	18.5	0.3	0.38	6.24	11.42	0.0	0.48
75	fg3_m12	1	2.54	6	4.69	0.04	0.02	9.47	0.34	0.41	21.84	31.76	0.3	0.48
76	fg3_m12	1	2.59	0	4.5	0.07	0.06	26.47	0.21	0.33	62.65	71.63	0.43	0.64
77	fg3_m12	1	2.59	1	26.24	0.14	0.05	10.76	0.13	0.08	28.82	23.94	0.0	0.21
78	fg3_m12	1	2.59	2	10.62	0.05	0.03	11.89	0.28	0.15	17.31	20.13	0.3	0.48
79	fg3_m12	1	2.59	3	1.3	0.06	0.05	9.22	0.3	0.37	7.21	8.75	0.43	0.48
80	fg3_m12	1	2.59	4	0.34	0.05	0.03	6.87	0.23	0.05	12.04	13.6	0.43	0.48
81	fg3_m12	1	2.59	5	27.62	0.06	0.05	18.66	0.29	0.31	10.88	14.68	0.3	0.21
82	fg3_m12	1	2.59	6	3.55	0.05	0.02	9.62	0.35	0.42	17.37	25.66	0.43	0.48
83	fg3_m12	1	2.69	0	2.79	0.04	0.05	17.23	0.22	0.33	28.84	43.19	0.3	0.48
84	fg3_m12	1	2.69	1	69.69	0.26	0.06	10.87	0.13	0.08	33.19	26.17	0.0	0.21
85	fg3_m12	1	2.69	2	2.87	0.04	0.04	7.16	0.27	0.14	8.87	5.97	0.61	0.64
86	fg3_m12	1	2.69	4	2.53	0.09	0.04	8.96	0.22	0.07	2.72	4.58	0.0	0.48
87	fg3_m12	1	2.69	5	23.89	0.06	0.04	13.83	0.27	0.3	7.75	12.46	0.3	0.48
88	fg3_m12	1	2.69	6	5.57	0.05	0.03	12.13	0.35	0.44	26.83	43.08	0.0	0.21
89	fg3_m12	1	2.79	1	24.87	0.18	0.09	13.97	0.15	0.06	43.43	24.11	0.0	0.21
90	fg3_m12	1	2.79	2	30.93	0.08	0.05	14.22	0.27	0.17	22.82	29.63	0.68	0.21
91	fg3_m12	1	2.79	3	2.4	0.07	0.05	15.2	0.4	0.45	19.92	19.4	0.43	0.48
92	fg3_m12	1	2.79	4	12.21	0.07	0.03	8.71	0.19	0.07	15.08	18.3	0.43	0.48
93	fg3_m12	1	2.79	5	34.78	0.07	0.06	17.42	0.22	0.29	7.48	13.62	0.0	0.21
94	fg3_m12	1	2.79	6	0.94	0.03	0.03	8.89	0.36	0.44	9.49	14.26	0.43	0.77
95	fg3_m12	1	3.62	0	15.46	0.06	0.04	17.29	0.31	0.34	17.56	21.45	0.3	0.48
96	fg3_m12	1	3.62	3	14.3	0.06	0.03	10.41	0.35	0.44	12.44	13.39	0.0	0.77
97	fg3_m12	1	3.62	5	3.96	0.04	0.03	22.16	0.38	0.41	14.81	14.81	0.0	0.21
98	fg3_m12	1	3.62	6	1.99	0.05	0.02	10.21	0.33	0.41	12.28	20.95	0.0	0.77
99	fg3_m12	1	4.6	0	2.46	0.04	0.04	16.91	0.35	0.37	16.0	11.57	0.0	0.48
100	fg3_m12	1	4.6	2	11.63	0.05	0.06	14.14	0.26	0.08	2.85	4.83	0.3	0.21
101	fg3_m12	1	4.6	3	0.63	0.05	0.06	18.52	0.32	0.41	26.35	16.69	0.43	1.07
102	fg3_m12	1	4.6	4	0.3	0.09	0.05	8.85	0.17	0.05	3.22	3.62	0.3	0.48
103	fg3_m12	1	4.6	5	24.35	0.04	0.05	22.42	0.33	0.33	4.26	9.12	0.43	0.21
104	fg3_m12	1	4.6	6	2.5	0.03	0.04	12.63	0.37	0.45	0.14	13.72	0.0	0.21
105	fg3_m12	1	5.18	0	7.81	0.04	0.04	20.15	0.32	0.33	31.63	27.94	0.0	0.48
106	fg3_m12	1	5.18	1	6.84	0.06	0.06	15.62	0.28	0.16	8.86	7.72	0.61	0.21
107	fg3_m12	1	5.18	3	1.43	0.07	0.06	13.66	0.31	0.42	27.39	20.51	0.0	0.48
108	fg3_m12	1	5.18	4	25.1	0.07	0.07	7.73	0.19	0.04	2.96	4.05	0.3	0.48
109	fg3_m12	1	5.18	5	8.48	0.05	0.05	20.8	0.34	0.31	10.41	13.47	0.3	0.48
110	fg3_m12	1	5.18	6	0.32	0.03	0.03	8.46	0.28	0.43	6.81	10.85	0.0	0.64
111	fg3_m12	1	5.57	0	0.56	0.04	0.03	17.46	0.3	0.27	15.53	14.55	0.3	0.48
112	fg3_m12	1	5.57	1	5.72	0.05	0.06	16.34	0.29	0.19	15.31	18.74	0.3	0.48
113	fg3_m12	1	5.57	2	10.19	0.06	0.08	12.53	0.24	0.07	14.85	12.0	0.3	0.48
114	fg3_m12	1	5.57	3	5.29	0.08	0.06	14.53	0.29	0.41	24.18	16.32	0.43	0.48
115	fg3_m12	1	5.57	6	3.91	0.04	0.03	11.98	0.29	0.44	32.02	30.92	0.3	0.64
116	fg3_m12	1	6.06	0	1.02	0.05	0.04	13.31	0.43	0.29	17.16	27.78	0.68	0.77
117	fg3_m12	1	6.06	1	2.21	0.04	0.02	7.92	0.37	0.16	6.17	13.34	0.3	0.48
118	fg3_m12	1	6.06	2	9.01	0.05	0.04	9.79	0.24	0.06	14.96	17.0	0.0	0.21
119	fg3_m12	1	6.06	3	2.3	0.08	0.04	18.83	0.4	0.41	22.07	27.54	0.0	0.77
120	fg3_m12	1	6.06	5	4.12	0.05	0.06	19.02	0.32	0.34	32.7	33.16	0.0	0.64
121	fg3_m12	1	6.06	6	1.1	0.04	0.03	9.67	0.41	0.46	30.01	26.97	0.3	0.48
122	fg3_m12	1	0.05	0	1.49	0.03	0.07	7.44	0.57	0.14	9.78	16.16	0.3	0.48
123	fg3_m12	1	0.05	1	20.8	0.08	0.1	17.5	0.88	0.85	2.72	1.05	0.3	0.48
124	fg3_m12	1	0.05	2	0.98	0.04	0.07	11.12	0.88	0.82	5.51	3.19	0.3	0.21
125	fg3_m12	1	0.05	4	2.49	0.03	0.08	8.98	0.79	0.2	8.99	15.59	0.3	0.48
126	fg3_m12	1	0.05	5	0.14	0.02	0.06	12.27	0.78	0.38	2.59	4.86	0.43	0.21
127	fg3_m12	1	0.05	6	1.5	0.05	0.08	9.98	0.89	0.84	0.64	1.28	0.61	0.48
128	fg3_m12	1	0.1	0	1.68	0.03	0.08	8.22	0.64	0.13	4.64	20.3	0.43	0.21
129	fg3_m12	1	0.1	1	5.97	0.06	0.09	11.07	0.89	0.84	4.75	2.17	0.0	0.48
130	fg3_m12	1	0.1	2	3.75	0.05	0.09	11.95	0.88	0.82	3.05	2.2	0.0	0.21
131	fg3_m12	1	0.1	3	2.13	0.03	0.07	8.93	0.8	0.28	8.39	18.99	0.3	0.48
132	fg3_m12	1	0.1	4	2.63	0.03	0.1	8.7	0.81	0.21	1.95	7.12	1.36	0.77
133	fg3_m12	1	0.1	5	1.22	0.02	0.06	12.53	0.79	0.39	5.85	8.15	0.0	0.21
134	fg3_m12	1	0.1	6	1.3	0.06	0.1	10.39	0.89	0.84	2.11	4.8	0.43	0.77
135	fg3_m12	1	0.2	0	0.79	0.03	0.08	7.44	0.61	0.14	3.54	11.88	0.68	0.88
136	fg3_m12	1	0.2	1	2.2	0.05	0.09	19.09	0.89	0.85	4.85	2.19	0.3	0.48
137	fg3_m12	1	0.2	2	0.51	0.05	0.07	11.18	0.89	0.82	4.09	3.04	0.3	0.21
138	fg3_m12	1	0.2	3	4.15	0.04	0.09	14.73	0.82	0.29	3.64	8.56	1.55	0.48
139	fg3_m12	1	0.2	4	2.34	0.03	0.09	8.6	0.83	0.2	2.99	8.76	0.91	0.64
140	fg3_m12	1	0.2	5	1.53	0.03	0.07	11.97	0.79	0.39	1.71	6.97	0.68	0.48
141	fg3_m12	1	0.2	6	3.86	0.03	0.07	8.4	0.9	0.84	0.79	3.36	0.68	1.07
142	fg3_m12	1	0.29	0	6.66	0.03	0.08	7.8	0.59	0.12	4.48	15.78	0.61	0.64
143	fg3_m12	1	0.29	1	6.22	0.08	0.09	10.81	0.86	0.85	3.9	1.56	0.68	0.48
144	fg3_m12	1	0.29	2	1.62	0.04	0.08	12.91	0.89	0.8	4.6	3.03	0.3	0.21
145	fg3_m12	1	0.29	3	2.7	0.03	0.1	9.11	0.86	0.29	8.54	12.14	1.52	0.21
146	fg3_m12	1	0.29	4	0.61	0.04	0.1	8.33	0.86	0.19	2.83	6.11	1.25	0.88
147	fg3_m12	1	0.29	5	1.89	0.03	0.07	12.29	0.79	0.4	3.09	10.29	0.61	0.21
148	fg3_m12	1	0.39	0	18.83	0.03	0.07	7.39	0.62	0.29	9.63	17.86	0.3	0.21
149	fg3_m12	1	0.39	1	10.55	0.05	0.08	17.05	0.92	0.38	2.74	5.18	1.52	0.21
150	fg3_m12	1	0.39	2	16.26	0.04	0.11	17.07	0.79	0.71	2.08	5.07	0.61	2.4
151	fg3_m12	1	0.39	3	8.62	0.03	0.09	9.5	0.93	0.4	25.91	56.41	1.92	0.21
152	fg3_m12	1	0.39	4	19.49	0.03	0.1	10.05	0.81	0.08	3.06	9.05	0.68	0.48
153	fg3_m12	1	0.39	5	3.52	0.02	0.07	12.66	0.8	0.31	10.5	30.88	1.21	0.48
154	fg3_m12	1	0.59	0	79.75	0.04	0.07	10.97	0.35	0.5	2.18	2.3	0.3	0.64
155	fg3_m12	1	0.59	2	2.45	0.04	0.08	17.86	0.72	0.69	18.0	24.87	0.61	0.21
156	fg3_m12	1	0.59	3	21.1	0.05	0.06	13.4	0.67	0.58	2.81	8.5	0.43	0.48
157	fg3_m12	1	0.59	4	74.63	0.07	0.06	14.86	0.43	0.52	24.81	53.32	0.43	0.88
158	fg3_m12	1	0.59	5	23.43	0.05	0.05	19.29	0.65	0.6	23.06	40.25	0.43	0.48
159	fg3_m12	1	0.59	6	5.79	0.04	0.07	13.24	0.74	0.72	5.51	16.32	1.25	0.48
160	fg3_m12	1	0.78	0	18.5	0.07	0.1	10.53	0.32	0.06	12.74	15.47	0.0	0.48
161	fg3_m12	1	0.78	1	10.33	0.03	0.03	11.27	0.64	0.63	2.91	3.47	0.3	1.07
162	fg3_m12	1	0.78	2	2.11	0.03	0.05	20.42	0.55	0.49	6.6	4.96	0.3	0.21
163	fg3_m12	1	0.78	3	0.97	0.04	0.05	11.85	0.45	0.41	2.65	3.99	0.3	0.48
164	fg3_m12	1	0.78	5	0.27	0.03	0.05	8.39	0.61	0.44	4.25	7.67	0.68	0.77
165	fg3_m12	1	0.78	6	2.36	0.02	0.04	9.29	0.67	0.67	17.78	20.12	0.3	0.64
166	fg3_m12	1	0.98	0	1.23	0.03	0.04	9.63	0.35	0.14	3.5	5.63	0.43	0.88
167	fg3_m12	1	0.98	1	0.53	0.03	0.05	10.46	0.72	0.66	4.19	7.0	0.3	0.48
168	fg3_m12	1	0.98	2	0.99	0.03	0.05	14.97	0.64	0.45	20.54	28.87	0.3	0.48
169	fg3_m12	1	0.98	5	2.94	0.03	0.07	9.12	0.6	0.48	13.96	22.43	0.0	0.21
170	fg3_m12	1	0.98	6	0.15	0.03	0.04	8.48	0.72	0.66	3.73	4.6	0.43	0.48
171	fg3_m12	1	1.17	1	4.9	0.03	0.06	13.28	0.64	0.56	11.97	18.3	0.3	0.64
172	fg3_m12	1	1.17	2	0.43	0.03	0.05	14.97	0.61	0.43	11.93	18.73	0.3	0.21
173	fg3_m12	1	1.17	5	0.3	0.04	0.07	15.66	0.59	0.45	9.46	16.66	0.43	0.77
174	fg3_m12	1	1.17	6	5.07	0.03	0.05	11.41	0.72	0.68	1.06	1.61	0.0	0.48
175	fg3_m12	1	1.37	1	9.19	0.03	0.05	12.14	0.64	0.6	14.15	23.27	0.0	0.21
176	fg3_m12	1	1.37	2	0.18	0.03	0.04	20.99	0.52	0.35	5.27	5.34	0.3	0.21
177	fg3_m12	1	1.37	3	7.31	0.03	0.08	11.41	0.43	0.25	2.16	4.36	0.3	0.48
178	fg3_m12	1	1.37	4	13.93	0.05	0.06	7.77	0.24	0.05	1.47	1.41	0.0	0.48
179	fg3_m12	1	1.37	5	0.29	0.03	0.05	8.08	0.51	0.47	19.68	22.8	0.61	1.07
180	fg3_m12	1	1.37	6	1.43	0.03	0.05	9.88	0.72	0.69	14.05	16.67	0.3	0.64
181	fg3_m12	1	1.56	0	9.11	0.03	0.05	11.0	0.34	0.09	7.45	16.18	0.3	0.48
182	fg3_m12	1	1.56	1	0.98	0.03	0.06	11.21	0.62	0.52	10.74	19.93	0.3	0.21
183	fg3_m12	1	1.56	2	0.21	0.02	0.05	15.13	0.62	0.4	13.8	23.07	0.3	0.48
184	fg3_m12	1	1.56	3	0.55	0.04	0.07	10.77	0.46	0.27	4.29	5.63	0.0	0.48
185	fg3_m12	1	1.56	5	4.11	0.02	0.03	6.92	0.64	0.56	13.0	18.6	0.3	0.77
186	fg3_m12	1	1.56	6	0.25	0.02	0.04	10.36	0.72	0.68	1.55	1.59	0.43	0.64
0	fg3_m12_iso0.5_rotated	0	0.05	0	2.68	0.03	0.08	8.89	0.75	0.29	4.62	12.73	0.3	0.48
1	fg3_m12_iso0.5_rotated	0	0.05	1	3.1	0.03	0.08	10.09	0.81	0.5	2.92	8.6	0.3	0.48
2	fg3_m12_iso0.5_rotated	0	0.05	2	35.7	0.05	0.05	17.45	0.8	0.49	9.22	21.72	0.3	0.48
3	fg3_m12_iso0.5_rotated	0	0.05	3	3.06	0.02	0.06	6.66	0.85	0.5	2.02	8.43	0.43	0.21
4	fg3_m12_iso0.5_rotated	0	0.05	4	9.59	0.11	0.09	6.68	0.35	0.02	15.49	18.09	0.0	0.48
5	fg3_m12_iso0.5_rotated	0	0.05	5	80.1	0.12	0.08	6.33	0.34	0.01	23.71	24.74	0.3	0.77
6	fg3_m12_iso0.5_rotated	0	0.05	6	20.5	0.13	0.05	6.92	0.34	0.03	20.86	38.97	0.68	0.48
7	fg3_m12_iso0.5_rotated	0	0.1	0	4.81	0.04	0.07	10.36	0.75	0.27	8.92	26.49	0.43	0.48
8	fg3_m12_iso0.5_rotated	0	0.1	1	2.34	0.02	0.05	6.03	0.81	0.49	2.2	7.36	0.0	0.48
9	fg3_m12_iso0.5_rotated	0	0.1	2	3.8	0.02	0.05	7.27	0.82	0.5	4.93	8.24	0.43	0.21
10	fg3_m12_iso0.5_rotated	0	0.1	3	2.72	0.03	0.05	10.02	0.82	0.51	10.21	26.01	0.3	0.21
11	fg3_m12_iso0.5_rotated	0	0.1	4	87.18	0.1	0.08	6.01	0.36	0.01	11.99	18.72	0.61	0.48
12	fg3_m12_iso0.5_rotated	0	0.1	5	7.46	0.16	0.11	6.52	0.39	0.03	29.08	40.87	0.68	0.48
13	fg3_m12_iso0.5_rotated	0	0.1	6	10.06	0.13	0.09	7.14	0.34	0.04	18.24	25.27	0.43	0.88
14	fg3_m12_iso0.5_rotated	0	0.29	0	4.27	0.03	0.07	9.08	0.77	0.3	1.42	5.46	0.68	1.07
15	fg3_m12_iso0.5_rotated	0	0.29	1	3.85	0.04	0.06	11.81	0.83	0.51	2.63	8.64	0.3	0.21
16	fg3_m12_iso0.5_rotated	0	0.29	2	9.99	0.06	0.08	12.98	0.81	0.51	21.44	43.73	0.96	0.88
17	fg3_m12_iso0.5_rotated	0	0.29	3	2.73	0.03	0.06	6.44	0.82	0.48	9.76	21.06	0.0	0.21
18	fg3_m12_iso0.5_rotated	0	0.29	4	31.7	0.09	0.09	6.85	0.38	0.08	17.92	24.23	0.61	0.88
19	fg3_m12_iso0.5_rotated	0	0.29	5	18.09	0.12	0.11	6.19	0.35	0.06	23.36	42.07	0.3	1.07
20	fg3_m12_iso0.5_rotated	0	0.29	6	89.9	0.1	0.09	5.96	0.38	0.05	16.56	25.26	0.43	0.21
21	fg3_m12_iso0.5_rotated	0	0.49	0	5.68	0.07	0.07	11.08	0.76	0.25	4.32	7.09	0.96	0.21
22	fg3_m12_iso0.5_rotated	0	0.49	1	6.38	0.06	0.06	13.56	0.81	0.49	11.7	5.17	1.21	0.48
23	fg3_m12_iso0.5_rotated	0	0.49	2	2.31	0.06	0.06	11.79	0.81	0.5	3.56	7.78	0.68	0.77
24	fg3_m12_iso0.5_rotated	0	0.49	3	7.38	0.03	0.06	12.35	0.82	0.52	7.46	20.24	0.3	0.48
25	fg3_m12_iso0.5_rotated	0	0.49	4	79.27	0.12	0.08	7.83	0.38	0.06	30.56	35.23	0.91	1.16
26	fg3_m12_iso0.5_rotated	0	0.49	5	49.3	0.14	0.08	5.5	0.35	0.08	38.01	40.14	1.09	1.07
27	fg3_m12_iso0.5_rotated	0	0.49	6	1.93	0.11	0.1	5.53	0.4	0.09	19.61	31.64	0.86	0.88
28	fg3_m12_iso0.5_rotated	0	1.96	0	2.34	0.03	0.06	14.06	0.73	0.27	7.54	19.39	0.43	0.64
29	fg3_m12_iso0.5_rotated	0	1.96	1	2.85	0.02	0.04	10.49	0.79	0.49	3.04	7.45	0.0	0.48
30	fg3_m12_iso0.5_rotated	0	1.96	2	6.98	0.03	0.06	10.57	0.78	0.47	11.07	9.02	0.3	0.21
31	fg3_m12_iso0.5_rotated	0	1.96	3	0.41	0.03	0.04	9.27	0.77	0.45	11.65	27.13	0.3	0.64
32	fg3_m12_iso0.5_rotated	0	1.96	6	35.4	0.1	0.06	6.84	0.28	0.07	13.82	17.8	0.0	0.64
0	fg3_m12_iso1_rotated	0	0.05	0	1.34	0.02	0.05	9.11	0.75	0.27	6.86	19.03	0.43	0.64
1	fg3_m12_iso1_rotated	0	0.05	1	1.47	0.02	0.05	7.99	0.84	0.5	7.41	16.22	0.43	0.48
2	fg3_m12_iso1_rotated	0	0.05	2	1.03	0.02	0.05	9.19	0.85	0.51	9.01	30.53	0.43	0.21
3	fg3_m12_iso1_rotated	0	0.05	3	1.71	0.02	0.04	6.78	0.85	0.51	1.27	7.78	0.43	0.21
4	fg3_m12_iso1_rotated	0	0.05	4	27.1	0.1	0.05	6.85	0.28	0.01	10.85	16.05	0.68	1.16
5	fg3_m12_iso1_rotated	0	0.05	5	1.98	0.1	0.07	7.18	0.29	0.03	10.48	22.09	0.68	0.88
6	fg3_m12_iso1_rotated	0	0.05	6	13.35	0.16	0.07	7.74	0.28	0.02	16.58	24.5	0.68	1.07
7	fg3_m12_iso1_rotated	0	0.1	0	1.09	0.03	0.04	10.17	0.76	0.28	6.6	21.08	0.3	0.64
8	fg3_m12_iso1_rotated	0	0.1	1	1.51	0.02	0.04	9.32	0.85	0.5	7.29	20.21	1.25	1.07
9	fg3_m12_iso1_rotated	0	0.1	2	44.8	0.09	0.05	24.54	0.85	0.51	12.84	33.0	0.61	0.77
10	fg3_m12_iso1_rotated	0	0.1	3	1.23	0.02	0.04	10.87	0.81	0.51	7.92	20.26	0.61	1.07
11	fg3_m12_iso1_rotated	0	0.1	4	22.19	0.07	0.05	6.13	0.32	0.01	10.59	20.0	0.3	0.77
12	fg3_m12_iso1_rotated	0	0.1	5	41.9	0.11	0.06	8.02	0.3	0.03	13.2	24.12	0.0	0.64
13	fg3_m12_iso1_rotated	0	0.1	6	20.32	0.08	0.05	6.53	0.31	0.02	9.54	13.01	0.0	0.48
14	fg3_m12_iso1_rotated	0	0.2	0	1.26	0.03	0.05	9.43	0.77	0.28	4.17	19.18	0.3	0.77
15	fg3_m12_iso1_rotated	0	0.2	1	8.05	0.03	0.04	14.52	0.86	0.49	1.23	8.91	0.43	0.48
16	fg3_m12_iso1_rotated	0	0.2	2	1.37	0.02	0.04	9.65	0.86	0.51	7.24	22.87	0.3	0.48
17	fg3_m12_iso1_rotated	0	0.2	3	8.83	0.04	0.06	15.52	0.85	0.51	11.07	34.56	1.09	1.44
18	fg3_m12_iso1_rotated	0	0.2	4	49.22	0.08	0.06	6.82	0.31	0.0	9.05	21.8	0.3	0.77
19	fg3_m12_iso1_rotated	0	0.2	5	25.51	0.08	0.06	6.09	0.33	0.02	13.4	21.5	0.3	0.48
20	fg3_m12_iso1_rotated	0	0.2	6	26.8	0.06	0.06	6.3	0.33	0.03	18.45	31.35	0.3	1.16
21	fg3_m12_iso1_rotated	0	0.29	0	2.45	0.04	0.05	10.59	0.78	0.28	4.1	17.63	0.86	0.21
22	fg3_m12_iso1_rotated	0	0.29	1	0.04	0.02	0.04	9.42	0.86	0.5	8.47	28.77	0.43	0.48
23	fg3_m12_iso1_rotated	0	0.29	2	1.9	0.02	0.04	10.15	0.83	0.51	5.82	10.31	0.0	0.64
24	fg3_m12_iso1_rotated	0	0.29	3	8.05	0.03	0.04	15.68	0.86	0.51	7.52	22.33	0.43	0.21
25	fg3_m12_iso1_rotated	0	0.29	4	44.18	0.08	0.06	5.77	0.33	0.02	12.47	23.9	0.3	0.77
26	fg3_m12_iso1_rotated	0	0.39	0	3.36	0.02	0.05	9.22	0.78	0.29	5.19	13.39	0.3	0.48
27	fg3_m12_iso1_rotated	0	0.39	1	1.46	0.02	0.04	9.08	0.86	0.51	3.21	17.06	0.3	0.48
28	fg3_m12_iso1_rotated	0	0.39	2	8.6	0.02	0.04	13.46	0.86	0.52	1.74	9.81	0.3	0.48
29	fg3_m12_iso1_rotated	0	0.39	3	8.9	0.04	0.04	16.84	0.83	0.5	8.64	10.89	0.0	0.48
30	fg3_m12_iso1_rotated	0	0.39	4	8.1	0.1	0.07	5.82	0.33	0.03	17.48	26.43	0.0	1.07
31	fg3_m12_iso1_rotated	0	0.39	5	10.53	0.1	0.07	6.56	0.36	0.03	18.64	42.43	0.3	0.21
32	fg3_m12_iso1_rotated	0	0.39	6	75.85	0.07	0.06	5.92	0.34	0.01	14.8	22.88	0.43	0.64
33	fg3_m12_iso1_rotated	0	0.49	0	4.03	0.03	0.04	9.9	0.78	0.29	6.93	31.06	0.43	0.77
34	fg3_m12_iso1_rotated	0	0.49	1	0.48	0.02	0.05	10.23	0.83	0.51	2.97	14.71	0.3	0.48
35	fg3_m12_iso1_rotated	0	0.49	2	0.91	0.02	0.04	10.67	0.83	0.5	6.14	16.5	0.3	0.21
36	fg3_m12_iso1_rotated	0	0.49	3	1.81	0.03	0.05	10.82	0.83	0.51	2.91	14.88	0.3	0.48
37	fg3_m12_iso1_rotated	0	0.49	4	4.94	0.08	0.08	6.07	0.34	0.02	10.49	21.19	0.0	0.48
38	fg3_m12_iso1_rotated	0	0.49	5	57.62	0.06	0.06	5.56	0.34	0.01	15.64	31.57	0.43	0.48
39	fg3_m12_iso1_rotated	0	0.49	6	17.16	0.08	0.06	6.57	0.37	0.03	19.44	43.12	0.43	0.88
40	fg3_m12_iso1_rotated	0	0.59	0	7.83	0.04	0.05	14.75	0.79	0.29	6.92	29.95	0.43	0.77
41	fg3_m12_iso1_rotated	0	0.59	1	8.3	0.04	0.04	15.47	0.83	0.5	4.07	18.97	0.43	0.48
42	fg3_m12_iso1_rotated	0	0.59	2	0.25	0.02	0.04	10.22	0.86	0.52	3.72	20.88	0.0	0.21
43	fg3_m12_iso1_rotated	0	0.59	3	27.68	0.05	0.03	22.53	0.83	0.5	2.77	15.76	0.68	0.88
44	fg3_m12_iso1_rotated	0	0.59	4	30.78	0.08	0.05	5.41	0.32	0.03	16.48	38.33	0.43	0.48
45	fg3_m12_iso1_rotated	0	0.59	5	8.17	0.07	0.07	6.61	0.34	0.03	12.23	19.31	0.3	0.64
46	fg3_m12_iso1_rotated	0	0.59	6	33.6	0.08	0.06	5.78	0.35	0.01	17.02	31.32	0.43	0.48
47	fg3_m12_iso1_rotated	0	0.98	0	3.8	0.02	0.04	9.1	0.78	0.29	4.44	10.3	0.3	0.77
48	fg3_m12_iso1_rotated	0	0.98	1	2.89	0.04	0.05	17.72	0.82	0.5	4.74	23.16	0.68	1.56
49	fg3_m12_iso1_rotated	0	0.98	2	0.44	0.02	0.03	9.91	0.83	0.51	4.04	17.89	0.0	0.48
50	fg3_m12_iso1_rotated	0	0.98	3	0.92	0.03	0.04	10.59	0.83	0.5	2.45	13.07	0.43	0.64
51	fg3_m12_iso1_rotated	0	0.98	4	35.1	0.06	0.05	5.58	0.33	0.04	9.83	16.57	0.3	0.64
52	fg3_m12_iso1_rotated	0	0.98	5	8.08	0.06	0.05	5.14	0.34	0.04	7.54	16.71	0.3	0.77
53	fg3_m12_iso1_rotated	0	0.98	6	68.92	0.07	0.05	5.57	0.35	0.01	14.11	28.55	0.0	0.77
54	fg3_m12_iso1_rotated	0	1.96	0	7.63	0.03	0.04	8.67	0.77	0.33	4.85	31.58	0.3	0.77
55	fg3_m12_iso1_rotated	0	1.96	1	0.95	0.02	0.03	16.69	0.81	0.53	3.29	14.69	1.25	1.68
56	fg3_m12_iso1_rotated	0	1.96	2	1.78	0.02	0.04	10.39	0.8	0.47	2.64	13.33	0.91	0.64
57	fg3_m12_iso1_rotated	0	1.96	3	4.36	0.05	0.06	16.56	0.85	0.51	12.13	42.5	0.68	0.48
58	fg3_m12_iso1_rotated	0	1.96	4	83.73	0.12	0.06	7.47	0.32	0.15	17.86	33.48	0.0	0.88
59	fg3_m12_iso1_rotated	0	1.96	5	86.7	0.07	0.05	5.69	0.31	0.13	5.57	12.59	0.3	0.21
60	fg3_m12_iso1_rotated	0	1.96	6	33.74	0.06	0.05	4.89	0.33	0.15	7.72	17.59	0.0	1.16