Counter	Image	class label	Myr	Viewpoint	Delta PA	v_asym	s_asym	resids	lambda_r	epsilon	A	A_2	deltapos	deltapos2
0	fg3_m13	1	0.2	0	1.92	0.04	0.08	7.19	0.62	0.14	2.54	8.4	0.61	0.64
1	fg3_m13	1	0.2	1	0.28	0.06	0.08	9.0	0.89	0.85	5.08	2.23	0.68	0.77
2	fg3_m13	1	0.2	2	0.56	0.04	0.06	11.17	0.89	0.82	4.36	3.02	0.3	0.21
3	fg3_m13	1	0.2	3	0.96	0.03	0.08	9.6	0.8	0.28	7.18	18.0	0.96	0.77
4	fg3_m13	1	0.2	4	2.44	0.02	0.09	8.49	0.79	0.21	2.9	8.44	0.3	0.88
5	fg3_m13	1	0.2	5	0.83	0.03	0.06	12.14	0.79	0.4	2.48	8.46	0.3	0.21
6	fg3_m13	1	0.2	6	0.89	0.05	0.08	11.26	0.89	0.85	0.53	1.35	0.3	0.48
7	fg3_m13	1	0.39	0	1.69	0.02	0.07	7.36	0.6	0.22	1.58	4.77	0.0	0.48
8	fg3_m13	1	0.39	1	9.8	0.03	0.08	12.22	0.86	0.84	5.26	3.76	0.61	0.48
9	fg3_m13	1	0.39	2	2.06	0.02	0.06	8.56	0.81	0.77	16.55	17.07	1.52	0.48
10	fg3_m13	1	0.39	3	9.1	0.03	0.1	9.31	0.88	0.32	12.54	31.26	1.36	0.21
11	fg3_m13	1	0.39	4	18.19	0.03	0.09	8.92	0.79	0.17	2.09	4.88	0.43	0.48
12	fg3_m13	1	0.39	5	4.36	0.02	0.07	6.77	0.8	0.4	8.26	11.1	0.43	0.48
13	fg3_m13	1	0.39	6	4.5	0.04	0.09	7.64	0.87	0.83	3.09	8.07	0.43	0.21
14	fg3_m13	1	0.68	0	14.08	0.05	0.06	8.17	0.32	0.25	1.73	1.61	0.3	0.48
15	fg3_m13	1	0.68	2	1.14	0.04	0.05	10.36	0.74	0.56	13.93	25.76	0.3	0.21
16	fg3_m13	1	0.68	5	12.26	0.03	0.03	15.21	0.62	0.37	9.15	13.7	0.0	0.21
17	fg3_m13	1	0.78	1	0.28	0.02	0.03	10.12	0.74	0.73	14.92	14.61	0.0	0.48
18	fg3_m13	1	0.78	2	5.17	0.03	0.05	13.78	0.73	0.62	8.14	10.31	0.43	0.64
19	fg3_m13	1	0.78	3	5.75	0.04	0.06	13.01	0.54	0.22	1.59	1.74	0.68	0.88
20	fg3_m13	1	0.78	4	2.33	0.04	0.06	8.6	0.5	0.19	5.36	9.02	0.43	0.48
21	fg3_m13	1	0.78	6	0.63	0.03	0.04	8.8	0.68	0.7	4.56	3.82	0.3	0.48
22	fg3_m13	1	0.98	1	1.68	0.03	0.04	10.71	0.79	0.75	2.73	6.52	0.43	0.64
23	fg3_m13	1	0.98	2	3.44	0.03	0.05	15.28	0.66	0.52	4.63	6.79	0.0	0.64
24	fg3_m13	1	0.98	5	2.1	0.02	0.05	15.49	0.6	0.42	10.74	16.45	0.3	0.21
25	fg3_m13	1	0.98	6	2.8	0.04	0.04	9.14	0.74	0.73	15.13	15.04	0.43	0.21
26	fg3_m13	1	1.17	0	32.0	0.05	0.07	10.0	0.36	0.08	4.54	5.69	0.0	0.48
27	fg3_m13	1	1.17	1	3.45	0.02	0.05	11.02	0.75	0.66	15.32	24.86	0.43	0.88
28	fg3_m13	1	1.17	2	7.17	0.03	0.04	13.03	0.75	0.61	14.99	6.36	0.43	0.48
29	fg3_m13	1	1.17	3	3.04	0.04	0.04	10.35	0.61	0.39	4.79	8.35	0.43	0.48
30	fg3_m13	1	1.17	4	39.79	0.04	0.04	8.45	0.34	0.05	5.0	6.77	0.0	0.48
31	fg3_m13	1	1.17	6	1.93	0.03	0.04	8.75	0.79	0.76	2.85	1.46	0.3	0.48
32	fg3_m13	1	1.37	0	18.89	0.04	0.06	9.81	0.33	0.18	1.91	2.46	0.0	0.48
33	fg3_m13	1	1.37	1	5.59	0.03	0.05	10.9	0.74	0.69	10.43	26.37	0.3	0.64
34	fg3_m13	1	1.37	3	4.7	0.03	0.05	11.73	0.42	0.2	2.19	2.79	0.3	0.48
35	fg3_m13	1	1.37	4	0.2	0.04	0.04	8.1	0.28	0.18	7.52	7.97	0.61	1.16
36	fg3_m13	1	1.37	5	3.27	0.04	0.06	8.84	0.7	0.56	0.78	0.95	0.0	0.21
37	fg3_m13	1	1.37	6	2.42	0.03	0.03	8.92	0.73	0.67	2.94	3.68	0.3	0.48
38	fg3_m13	1	1.47	0	64.42	0.04	0.06	10.17	0.33	0.02	7.01	8.06	0.0	0.48
39	fg3_m13	1	1.47	1	3.61	0.05	0.05	11.02	0.66	0.59	19.36	46.05	0.3	0.21
40	fg3_m13	1	1.47	3	13.26	0.03	0.06	9.83	0.54	0.37	3.22	5.17	0.3	1.07
41	fg3_m13	1	1.47	4	35.33	0.04	0.06	8.29	0.3	0.13	5.09	5.45	0.0	0.48
42	fg3_m13	1	1.47	5	9.12	0.04	0.08	15.22	0.62	0.52	11.42	14.34	0.3	0.21
43	fg3_m13	1	1.47	6	5.24	0.04	0.06	12.21	0.77	0.74	18.88	3.98	0.3	0.48
44	fg3_m13	1	1.66	1	1.66	0.03	0.06	9.91	0.74	0.69	3.95	7.33	0.3	0.77
45	fg3_m13	1	1.66	2	12.71	0.03	0.05	8.43	0.64	0.52	6.45	14.91	0.0	0.77
46	fg3_m13	1	1.66	3	4.17	0.03	0.04	11.72	0.45	0.17	3.47	5.42	0.0	0.48
47	fg3_m13	1	1.66	4	2.47	0.06	0.06	8.92	0.27	0.17	15.1	13.18	0.0	0.48
48	fg3_m13	1	1.66	5	8.6	0.03	0.05	14.25	0.71	0.6	2.37	4.24	0.0	0.21
49	fg3_m13	1	1.66	6	6.12	0.03	0.04	11.24	0.66	0.67	10.04	10.9	0.43	1.07
50	fg3_m13	1	1.76	0	66.43	0.03	0.04	7.77	0.48	0.06	6.98	14.18	0.0	0.21
51	fg3_m13	1	1.76	1	1.3	0.03	0.05	20.37	0.66	0.57	14.55	24.35	0.0	0.77
52	fg3_m13	1	1.76	4	43.63	0.04	0.05	6.74	0.4	0.16	9.23	21.29	0.0	0.21
53	fg3_m13	1	1.76	6	6.4	0.02	0.05	10.48	0.74	0.73	5.13	5.83	0.68	0.77
54	fg3_m13	1	1.86	0	25.68	0.04	0.05	10.52	0.37	0.24	7.88	16.39	0.3	0.64
55	fg3_m13	1	1.86	1	7.78	0.03	0.05	11.19	0.74	0.67	4.4	8.83	0.3	0.77
56	fg3_m13	1	1.86	3	12.41	0.03	0.05	9.19	0.61	0.44	4.17	9.84	0.3	0.48
57	fg3_m13	1	1.86	4	62.11	0.04	0.04	7.87	0.31	0.13	2.86	3.37	0.3	0.77
58	fg3_m13	1	1.86	6	1.87	0.04	0.05	9.28	0.78	0.76	0.76	0.37	0.0	0.48
59	fg3_m13	1	2.05	0	65.35	0.04	0.04	10.69	0.37	0.08	7.08	10.88	0.3	0.48
60	fg3_m13	1	2.05	1	8.66	0.08	0.07	22.71	0.63	0.21	23.23	47.61	0.3	0.21
61	fg3_m13	1	2.05	2	3.78	0.08	0.09	34.85	0.72	0.58	15.56	14.04	0.68	0.88
62	fg3_m13	1	2.05	3	12.65	0.05	0.1	8.91	0.63	0.44	26.56	40.26	2.15	0.21
63	fg3_m13	1	2.05	4	45.86	0.05	0.04	7.98	0.33	0.15	8.26	10.84	0.3	0.48
64	fg3_m13	1	2.05	5	9.71	0.03	0.04	7.64	0.72	0.63	1.5	2.11	0.43	0.48
65	fg3_m13	1	2.05	6	79.61	0.04	0.04	22.93	0.74	0.17	12.92	10.35	2.59	0.21
66	fg3_m13	1	2.15	0	26.85	0.03	0.03	12.71	0.39	0.2	3.93	5.96	0.43	0.48
67	fg3_m13	1	2.15	1	23.09	0.04	0.05	13.96	0.58	0.46	22.71	34.74	0.68	0.48
68	fg3_m13	1	2.15	2	26.24	0.05	0.06	17.53	0.62	0.4	17.73	27.32	0.61	0.21
69	fg3_m13	1	2.15	3	3.79	0.08	0.07	14.92	0.45	0.46	4.85	11.08	0.68	0.48
70	fg3_m13	1	2.15	4	62.85	0.1	0.05	9.65	0.21	0.12	14.41	18.21	0.0	0.48
71	fg3_m13	1	2.15	5	14.37	0.05	0.06	19.18	0.6	0.58	18.19	33.44	0.43	0.21
72	fg3_m13	1	2.15	6	9.85	0.05	0.07	14.71	0.64	0.69	10.22	8.38	1.09	0.21
73	fg3_m13	1	2.25	0	0.27	0.04	0.04	13.66	0.36	0.24	3.46	8.08	0.3	0.48
74	fg3_m13	1	2.25	2	3.9	0.05	0.04	19.83	0.47	0.37	6.62	9.19	0.43	0.21
75	fg3_m13	1	2.25	3	3.01	0.05	0.05	12.01	0.44	0.29	6.13	6.11	0.3	0.48
76	fg3_m13	1	2.25	4	10.3	0.07	0.05	8.95	0.2	0.07	7.52	7.83	0.0	0.48
77	fg3_m13	1	2.25	5	2.75	0.04	0.03	9.41	0.64	0.65	10.37	10.67	0.68	0.48
78	fg3_m13	1	2.25	6	0.03	0.03	0.03	8.03	0.59	0.64	10.2	11.69	0.3	0.48
79	fg3_m13	1	2.3	0	1.7	0.04	0.05	12.11	0.36	0.19	15.58	14.63	0.3	0.21
80	fg3_m13	1	2.3	1	5.9	0.06	0.08	16.68	0.58	0.45	11.76	23.18	0.61	0.21
81	fg3_m13	1	2.3	2	3.7	0.05	0.04	17.74	0.47	0.41	5.24	6.26	0.43	0.21
82	fg3_m13	1	2.3	3	2.49	0.05	0.04	12.32	0.43	0.34	3.18	3.88	0.0	0.77
83	fg3_m13	1	2.3	4	6.98	0.08	0.04	9.35	0.21	0.03	9.3	8.05	0.3	0.48
84	fg3_m13	1	2.3	6	1.62	0.03	0.04	8.16	0.6	0.65	7.43	8.29	0.3	0.48
85	fg3_m13	1	2.32	0	6.18	0.08	0.07	21.34	0.37	0.19	14.12	26.39	0.3	0.64
86	fg3_m13	1	2.32	1	0.35	0.04	0.05	14.53	0.63	0.45	7.74	16.28	0.61	0.21
87	fg3_m13	1	2.32	2	0.58	0.05	0.04	18.07	0.47	0.42	8.44	9.39	0.3	0.48
88	fg3_m13	1	2.32	3	0.67	0.04	0.05	10.96	0.42	0.34	3.96	4.16	0.0	0.48
89	fg3_m13	1	2.32	4	19.48	0.13	0.06	8.76	0.19	0.06	19.24	17.22	0.0	0.48
90	fg3_m13	1	2.32	5	1.34	0.03	0.03	8.21	0.65	0.67	14.4	3.82	0.3	0.48
91	fg3_m13	1	2.32	6	0.99	0.03	0.03	7.9	0.65	0.65	7.81	9.19	0.68	0.48
92	fg3_m13	1	2.35	0	0.78	0.04	0.04	13.1	0.39	0.22	5.46	8.4	0.3	0.48
93	fg3_m13	1	2.35	1	0.14	0.03	0.04	12.32	0.63	0.46	5.65	16.2	0.91	0.21
94	fg3_m13	1	2.35	2	1.0	0.04	0.04	13.62	0.55	0.42	19.18	37.16	0.43	0.21
95	fg3_m13	1	2.35	3	3.5	0.05	0.05	12.05	0.42	0.33	3.44	3.19	0.3	0.48
96	fg3_m13	1	2.35	4	5.95	0.07	0.04	6.61	0.18	0.05	27.26	24.66	0.68	0.77
97	fg3_m13	1	2.35	6	3.3	0.09	0.06	12.27	0.65	0.66	6.4	8.37	0.3	1.16
98	fg3_m13	1	2.37	0	1.46	0.04	0.04	12.7	0.4	0.23	15.91	13.87	0.3	0.77
99	fg3_m13	1	2.37	1	0.49	0.03	0.05	12.8	0.56	0.46	7.29	13.43	0.3	0.48
100	fg3_m13	1	2.37	2	2.95	0.04	0.04	13.5	0.55	0.41	11.01	20.35	0.43	0.21
101	fg3_m13	1	2.37	3	3.58	0.05	0.04	11.41	0.42	0.32	2.04	2.72	0.0	0.77
102	fg3_m13	1	2.37	4	0.9	0.07	0.04	6.72	0.19	0.08	24.86	17.01	0.0	0.21
103	fg3_m13	1	2.37	6	0.7	0.03	0.04	10.46	0.65	0.65	8.36	13.54	0.68	0.48
104	fg3_m13	1	2.4	0	1.56	0.05	0.04	13.5	0.42	0.23	3.61	9.66	0.3	0.48
105	fg3_m13	1	2.4	1	1.79	0.04	0.04	15.03	0.49	0.45	3.23	7.52	0.0	0.48
106	fg3_m13	1	2.4	2	0.78	0.04	0.04	18.4	0.47	0.42	5.14	5.74	0.0	0.21
107	fg3_m13	1	2.4	3	5.12	0.04	0.04	11.29	0.43	0.32	13.51	13.38	0.3	0.48
108	fg3_m13	1	2.4	4	4.83	0.08	0.04	7.02	0.19	0.03	8.83	8.8	0.0	0.48
109	fg3_m13	1	2.4	5	1.17	0.04	0.04	9.93	0.65	0.69	3.35	5.61	0.3	0.48
110	fg3_m13	1	2.4	6	1.5	0.03	0.04	8.97	0.59	0.66	20.19	16.67	0.68	0.48
111	fg3_m13	1	2.42	0	3.09	0.06	0.05	13.68	0.42	0.22	5.97	12.96	0.3	0.48
112	fg3_m13	1	2.42	1	3.66	0.04	0.04	14.48	0.5	0.45	12.38	14.5	0.0	0.21
113	fg3_m13	1	2.42	2	1.61	0.04	0.05	17.93	0.46	0.42	4.63	5.15	0.3	0.21
114	fg3_m13	1	2.42	3	2.13	0.05	0.04	11.92	0.42	0.33	1.63	2.55	0.3	0.48
115	fg3_m13	1	2.42	4	6.73	0.08	0.04	7.46	0.2	0.03	18.95	17.2	0.0	0.48
116	fg3_m13	1	2.42	5	0.6	0.04	0.04	10.06	0.59	0.68	5.41	6.96	0.0	0.48
117	fg3_m13	1	2.42	6	59.35	0.35	0.08	14.1	0.53	0.67	40.95	34.29	0.43	3.75
118	fg3_m13	1	2.44	0	0.95	0.05	0.05	13.11	0.42	0.23	5.92	10.19	0.0	0.48
119	fg3_m13	1	2.44	1	4.26	0.03	0.04	10.64	0.64	0.41	10.91	15.8	1.25	0.48
120	fg3_m13	1	2.44	2	0.26	0.04	0.05	10.31	0.58	0.4	24.15	55.84	1.25	0.64
121	fg3_m13	1	2.44	4	77.74	0.06	0.04	7.29	0.2	0.01	14.51	13.13	0.3	0.48
122	fg3_m13	1	2.44	5	0.76	0.03	0.03	10.79	0.59	0.67	2.02	4.38	0.96	0.48
123	fg3_m13	1	2.44	6	23.48	0.36	0.07	47.41	0.55	0.69	22.85	28.32	0.3	1.73
124	fg3_m13	1	2.46	0	0.07	0.1	0.03	17.81	0.36	0.41	11.87	16.73	0.3	0.88
125	fg3_m13	1	2.46	1	12.42	0.05	0.03	15.37	0.48	0.51	7.33	7.43	0.3	0.64
126	fg3_m13	1	2.46	2	31.26	0.05	0.07	12.8	0.37	0.25	14.43	18.03	0.43	0.48
127	fg3_m13	1	2.46	3	71.7	0.87	0.09	44.32	0.3	0.23	29.88	35.6	0.68	0.77
128	fg3_m13	1	2.46	5	2.24	0.05	0.06	12.84	0.55	0.66	14.62	12.77	0.61	0.88
129	fg3_m13	1	2.46	6	20.4	0.14	0.14	33.73	0.6	0.63	5.95	6.76	0.91	0.48
130	fg3_m13	1	2.49	0	21.9	0.07	0.09	29.04	0.43	0.4	10.79	26.23	0.43	0.21
131	fg3_m13	1	2.49	1	28.76	0.04	0.06	22.65	0.41	0.44	28.42	29.83	0.0	0.21
132	fg3_m13	1	2.49	2	15.37	0.05	0.06	18.35	0.45	0.35	4.09	5.12	0.3	0.64
133	fg3_m13	1	2.49	3	14.9	0.05	0.04	10.32	0.43	0.32	14.76	22.09	0.0	0.64
134	fg3_m13	1	2.49	4	22.78	0.32	0.07	7.0	0.11	0.16	27.23	49.58	0.3	0.48
135	fg3_m13	1	2.49	5	11.05	0.08	0.04	14.93	0.6	0.61	10.53	10.2	0.86	1.44
136	fg3_m13	1	2.49	6	13.8	0.07	0.05	45.33	0.46	0.66	16.58	9.28	0.0	1.37
137	fg3_m13	1	2.51	0	16.08	0.12	0.06	29.71	0.41	0.4	28.17	80.08	0.3	0.21
138	fg3_m13	1	2.51	1	24.96	0.13	0.07	22.68	0.43	0.41	49.49	60.15	0.3	0.64
139	fg3_m13	1	2.51	2	0.92	0.05	0.06	14.87	0.43	0.32	23.65	43.4	0.3	0.21
140	fg3_m13	1	2.51	3	2.21	0.08	0.07	13.9	0.47	0.27	33.99	57.3	0.68	0.88
141	fg3_m13	1	2.51	4	5.83	0.14	0.07	9.88	0.12	0.09	60.15	39.83	0.0	0.21
142	fg3_m13	1	2.51	5	9.44	0.14	0.05	12.64	0.35	0.66	24.74	11.11	1.52	1.07
143	fg3_m13	1	2.51	6	6.97	0.05	0.04	10.97	0.54	0.69	19.19	18.2	1.29	0.48
144	fg3_m13	1	2.56	0	30.14	0.13	0.03	23.61	0.35	0.2	10.97	9.25	0.3	0.48
145	fg3_m13	1	2.56	1	3.82	0.11	0.02	20.31	0.36	0.2	4.82	6.91	0.43	0.77
146	fg3_m13	1	2.56	2	3.19	0.04	0.04	7.24	0.39	0.41	3.74	3.81	0.68	1.07
147	fg3_m13	1	2.56	3	14.35	0.05	0.04	10.08	0.41	0.38	25.43	39.79	0.0	0.48
148	fg3_m13	1	2.56	5	5.52	0.04	0.03	14.4	0.48	0.58	22.25	13.5	0.43	0.88
149	fg3_m13	1	2.56	6	0.81	0.05	0.03	10.13	0.41	0.61	17.95	45.02	0.3	0.21
150	fg3_m13	1	2.59	0	6.72	0.06	0.03	15.46	0.38	0.31	10.08	10.16	0.0	0.21
151	fg3_m13	1	2.59	1	1.95	0.06	0.04	14.12	0.38	0.33	5.04	8.83	0.3	0.88
152	fg3_m13	1	2.59	2	17.68	0.05	0.04	12.11	0.33	0.37	25.07	19.43	0.3	0.48
153	fg3_m13	1	2.59	3	16.62	0.07	0.05	11.9	0.34	0.32	8.67	9.66	0.61	1.07
154	fg3_m13	1	2.59	4	74.63	1.05	0.06	9.42	0.07	0.17	44.18	20.66	0.3	0.48
155	fg3_m13	1	2.59	5	2.22	0.05	0.03	14.4	0.5	0.6	21.93	23.04	0.3	0.21
156	fg3_m13	1	2.59	6	4.8	0.06	0.02	14.7	0.4	0.56	0.99	2.24	0.68	0.88
157	fg3_m13	1	2.64	0	0.22	0.08	0.04	23.91	0.34	0.31	21.41	13.72	0.0	0.64
158	fg3_m13	1	2.64	1	3.34	0.05	0.04	20.62	0.33	0.34	14.87	13.36	0.3	0.64
159	fg3_m13	1	2.64	2	5.93	0.04	0.03	16.38	0.37	0.3	5.37	8.9	0.61	0.21
160	fg3_m13	1	2.64	3	1.54	0.06	0.06	12.78	0.35	0.31	5.42	7.36	0.61	0.21
161	fg3_m13	1	2.64	4	87.41	0.44	0.04	5.93	0.06	0.05	28.0	34.17	0.0	0.48
162	fg3_m13	1	2.64	5	5.44	0.06	0.03	16.38	0.49	0.64	3.52	4.49	0.43	0.48
163	fg3_m13	1	2.64	6	1.94	0.04	0.05	18.17	0.44	0.6	15.98	13.47	0.3	0.88
164	fg3_m13	1	2.69	0	1.18	0.04	0.03	14.3	0.37	0.31	5.59	8.36	0.61	1.07
165	fg3_m13	1	2.69	1	5.14	0.06	0.04	15.34	0.35	0.36	23.5	24.8	0.3	0.48
166	fg3_m13	1	2.69	2	5.16	0.05	0.05	18.95	0.35	0.29	6.85	7.72	0.0	0.48
167	fg3_m13	1	2.69	3	0.3	0.03	0.02	11.05	0.37	0.33	2.66	5.57	0.3	0.77
168	fg3_m13	1	2.69	4	86.54	0.47	0.04	5.95	0.07	0.06	18.04	6.47	0.0	0.48
169	fg3_m13	1	2.69	5	6.44	0.08	0.03	14.38	0.46	0.63	14.21	19.86	0.61	0.77
170	fg3_m13	1	2.74	0	0.87	0.08	0.05	27.1	0.38	0.28	24.95	13.71	0.0	0.64
171	fg3_m13	1	2.74	1	1.38	0.06	0.05	15.38	0.36	0.34	28.93	22.58	0.3	0.48
172	fg3_m13	1	2.74	2	4.34	0.05	0.04	17.67	0.36	0.32	11.81	5.47	0.3	0.48
173	fg3_m13	1	2.74	4	70.63	0.08	0.04	6.04	0.07	0.0	26.11	17.58	0.3	0.21
174	fg3_m13	1	2.79	0	4.03	0.05	0.04	14.07	0.37	0.3	28.62	20.14	0.3	0.21
175	fg3_m13	1	2.79	1	2.2	0.04	0.03	14.66	0.38	0.37	21.38	21.0	0.0	0.48
176	fg3_m13	1	2.84	0	2.32	0.06	0.04	22.96	0.38	0.3	20.89	29.36	0.0	0.64
177	fg3_m13	1	2.93	0	1.23	0.04	0.05	14.97	0.4	0.27	11.92	13.71	0.0	0.48
178	fg3_m13	1	3.03	0	2.0	0.07	0.06	23.98	0.38	0.27	19.02	26.5	0.0	0.64
179	fg3_m13	1	3.03	1	2.54	0.06	0.04	17.26	0.4	0.37	15.99	17.15	0.0	0.48
180	fg3_m13	1	3.03	2	0.17	0.03	0.04	19.12	0.41	0.3	6.06	8.26	0.3	0.48
181	fg3_m13	1	3.03	4	63.28	0.09	0.03	5.73	0.14	0.02	13.88	12.1	0.3	0.21
182	fg3_m13	1	3.03	5	0.66	0.03	0.02	8.64	0.51	0.63	13.62	15.98	0.0	0.48
183	fg3_m13	1	3.03	6	0.41	0.03	0.02	10.14	0.42	0.61	3.81	8.65	0.0	0.77
184	fg3_m13	1	3.13	0	0.13	0.05	0.04	14.43	0.39	0.26	13.76	23.65	0.3	0.48
185	fg3_m13	1	3.13	1	0.94	0.05	0.04	15.09	0.42	0.37	30.54	41.58	0.3	0.21
186	fg3_m13	1	3.13	2	1.07	0.05	0.05	20.13	0.39	0.31	14.31	12.17	0.3	0.48
187	fg3_m13	1	3.13	3	0.7	0.04	0.02	10.17	0.41	0.39	1.6	3.3	0.0	0.64
188	fg3_m13	1	3.13	4	18.06	0.11	0.04	6.31	0.15	0.01	7.65	9.27	0.3	1.07
189	fg3_m13	1	3.13	5	1.54	0.03	0.03	7.28	0.4	0.6	13.25	12.46	0.0	0.48
190	fg3_m13	1	3.13	6	0.58	0.05	0.03	7.77	0.43	0.62	12.34	20.64	0.3	0.48
191	fg3_m13	1	3.62	0	0.62	0.03	0.02	13.89	0.42	0.29	6.47	8.41	0.3	0.77
192	fg3_m13	1	3.62	1	0.99	0.04	0.03	15.26	0.43	0.36	8.09	10.96	0.3	0.21
193	fg3_m13	1	3.62	2	1.31	0.04	0.03	18.43	0.42	0.31	15.31	15.71	0.3	0.48
194	fg3_m13	1	3.62	3	0.8	0.05	0.03	10.83	0.43	0.4	20.21	12.29	0.3	0.48
195	fg3_m13	1	3.62	4	49.12	0.21	0.05	5.52	0.16	0.01	7.41	3.02	0.43	0.21
196	fg3_m13	1	3.62	5	1.46	0.04	0.02	9.51	0.43	0.62	13.5	14.69	0.0	0.64
197	fg3_m13	1	3.62	6	1.18	0.03	0.03	11.47	0.53	0.65	13.95	14.47	0.3	0.21
198	fg3_m13	1	4.6	0	0.37	0.06	0.04	15.57	0.4	0.27	3.53	5.25	0.43	1.16
199	fg3_m13	1	4.6	4	40.15	0.08	0.04	6.35	0.18	0.02	9.82	10.64	0.3	0.21
200	fg3_m13	1	4.6	5	0.32	0.02	0.03	10.95	0.5	0.64	1.52	2.6	0.43	0.48
201	fg3_m13	1	4.6	6	1.93	0.03	0.03	11.49	0.49	0.66	1.07	1.86	0.43	0.77
0	fg1_m13	1	0.1	0	0.45	0.03	0.05	6.33	0.59	0.12	2.87	7.52	0.0	0.77
1	fg1_m13	1	0.1	1	2.69	0.03	0.05	8.99	0.9	0.84	2.59	1.34	0.3	0.77
2	fg1_m13	1	0.1	2	1.92	0.04	0.06	10.79	0.9	0.82	2.08	1.65	0.0	0.21
3	fg1_m13	1	0.1	3	1.55	0.02	0.04	7.89	0.78	0.27	5.75	15.8	0.43	0.48
4	fg1_m13	1	0.1	4	0.33	0.02	0.06	6.79	0.78	0.21	2.46	6.77	0.3	0.21
5	fg1_m13	1	0.1	5	1.1	0.02	0.04	10.67	0.8	0.39	0.77	3.37	0.0	0.21
6	fg1_m13	1	0.1	6	0.43	0.03	0.05	8.46	0.89	0.84	0.43	1.78	0.0	0.48
7	fg1_m13	1	0.39	0	1.04	0.02	0.05	5.46	0.63	0.22	1.86	3.7	0.0	0.48
8	fg1_m13	1	0.39	1	14.5	0.04	0.05	9.08	0.88	0.83	2.02	1.48	0.91	0.21
9	fg1_m13	1	0.39	2	2.93	0.02	0.04	13.3	0.83	0.76	22.63	22.48	1.52	0.21
10	fg1_m13	1	0.39	3	9.67	0.02	0.06	6.88	0.88	0.33	7.2	14.37	0.3	0.48
11	fg1_m13	1	0.39	4	20.48	0.02	0.05	7.25	0.77	0.18	3.15	9.95	0.0	0.48
12	fg1_m13	1	0.39	5	4.28	0.02	0.04	11.04	0.79	0.37	1.65	5.77	0.0	0.21
13	fg1_m13	1	0.39	6	2.76	0.03	0.05	7.41	0.88	0.83	2.54	10.67	0.43	0.48
14	fg1_m13	1	0.49	0	89.75	0.11	0.08	25.82	0.6	0.47	0.83	2.74	0.3	1.68
15	fg1_m13	1	0.49	1	25.2	0.04	0.07	15.61	0.79	0.74	1.82	2.14	0.3	0.48
16	fg1_m13	1	0.49	2	17.11	0.05	0.1	26.91	0.84	0.83	14.16	12.44	0.61	0.48
17	fg1_m13	1	0.49	3	45.46	0.03	0.08	12.07	0.77	0.5	5.3	16.43	0.43	0.48
18	fg1_m13	1	0.49	4	31.57	0.04	0.06	6.58	0.66	0.56	15.0	47.06	0.43	0.21
19	fg1_m13	1	0.49	5	7.07	0.03	0.07	10.33	0.86	0.72	8.3	15.2	0.96	1.83
20	fg1_m13	1	0.49	6	23.13	0.04	0.07	18.87	0.79	0.75	5.83	7.41	0.43	0.21
21	fg1_m13	1	0.59	0	73.3	0.23	0.12	13.82	0.4	0.71	37.68	68.33	0.68	1.68
22	fg1_m13	1	0.59	1	12.18	0.05	0.07	14.94	0.72	0.81	11.91	10.36	0.43	0.48
23	fg1_m13	1	0.59	3	20.0	0.05	0.06	10.23	0.7	0.77	2.76	7.33	0.96	0.48
24	fg1_m13	1	0.59	5	59.76	0.08	0.05	21.67	0.52	0.31	25.42	32.3	0.43	1.07
25	fg1_m13	1	0.59	6	7.79	0.03	0.04	10.61	0.76	0.83	2.23	3.96	1.36	0.48
26	fg1_m13	1	0.68	0	49.42	0.07	0.04	9.29	0.45	0.59	3.4	6.25	0.3	0.88
27	fg1_m13	1	0.68	1	2.9	0.04	0.03	6.97	0.67	0.79	2.58	9.42	0.61	0.88
28	fg1_m13	1	0.68	2	18.49	0.05	0.04	15.62	0.74	0.66	1.66	2.64	0.3	0.64
29	fg1_m13	1	0.68	4	4.47	0.07	0.06	7.91	0.52	0.66	6.48	16.29	0.61	0.64
30	fg1_m13	1	0.68	5	12.52	0.07	0.05	19.35	0.66	0.68	4.69	7.03	0.68	1.07
31	fg1_m13	1	0.68	6	5.5	0.05	0.05	13.14	0.59	0.57	5.94	9.77	0.68	0.21
32	fg1_m13	1	0.88	0	14.56	0.05	0.04	5.88	0.24	0.33	8.05	7.36	0.3	0.48
33	fg1_m13	1	0.88	1	6.9	0.03	0.06	8.4	0.7	0.69	14.56	31.07	0.0	0.48
34	fg1_m13	1	0.88	2	10.31	0.03	0.04	17.48	0.44	0.37	5.6	7.2	0.3	0.21
35	fg1_m13	1	0.88	3	31.02	0.03	0.04	10.49	0.37	0.24	3.89	4.66	0.3	0.48
36	fg1_m13	1	0.88	4	31.89	0.04	0.04	5.89	0.24	0.3	3.09	3.57	0.3	0.48
37	fg1_m13	1	0.88	5	17.1	0.03	0.04	14.25	0.41	0.45	6.03	5.76	0.3	0.48
38	fg1_m13	1	0.88	6	10.6	0.02	0.03	8.88	0.59	0.65	15.25	19.53	0.43	0.21
39	fg1_m13	1	1.17	0	49.08	0.05	0.05	6.97	0.24	0.26	15.78	15.18	0.0	0.48
40	fg1_m13	1	1.17	2	15.29	0.03	0.04	6.09	0.57	0.55	8.42	14.79	0.3	0.48
41	fg1_m13	1	1.17	3	35.12	0.04	0.05	9.71	0.34	0.14	4.45	5.32	0.3	0.48
42	fg1_m13	1	1.17	4	7.05	0.08	0.06	6.11	0.21	0.32	6.96	7.05	0.61	0.88
43	fg1_m13	1	1.17	6	4.43	0.02	0.04	9.44	0.59	0.57	13.3	15.82	0.3	0.48
44	fg1_m13	1	1.27	0	44.73	0.05	0.07	8.02	0.26	0.27	11.96	18.14	0.0	0.77
45	fg1_m13	1	1.27	1	14.45	0.04	0.07	7.3	0.58	0.56	25.32	28.62	0.0	0.48
46	fg1_m13	1	1.27	3	3.63	0.03	0.03	8.0	0.34	0.46	0.86	1.13	0.43	0.64
47	fg1_m13	1	1.27	4	86.13	0.05	0.06	7.05	0.22	0.21	4.55	3.82	0.0	0.48
48	fg1_m13	1	1.27	5	21.31	0.04	0.04	18.53	0.42	0.33	7.12	10.38	0.3	0.48
49	fg1_m13	1	1.37	0	31.29	0.06	0.05	6.89	0.23	0.37	4.33	5.18	0.43	0.48
50	fg1_m13	1	1.37	2	25.71	0.03	0.04	15.84	0.42	0.44	5.5	7.19	0.0	0.21
51	fg1_m13	1	1.37	3	67.51	0.03	0.04	10.84	0.36	0.1	5.26	6.71	0.0	0.48
52	fg1_m13	1	1.37	4	13.44	0.05	0.03	5.15	0.21	0.36	5.31	4.66	0.0	0.48
53	fg1_m13	1	1.37	6	12.33	0.03	0.03	10.23	0.45	0.58	3.34	3.64	0.3	0.48
54	fg1_m13	1	1.42	0	36.2	0.04	0.06	7.02	0.25	0.33	6.2	15.48	0.3	0.48
55	fg1_m13	1	1.42	2	23.08	0.03	0.04	16.68	0.43	0.39	5.57	4.75	0.3	0.21
56	fg1_m13	1	1.42	3	23.2	0.03	0.03	8.02	0.37	0.47	2.71	4.86	0.3	0.48
57	fg1_m13	1	1.42	5	10.38	0.03	0.04	18.98	0.43	0.19	8.02	8.76	0.0	0.21
58	fg1_m13	1	1.42	6	1.87	0.03	0.03	6.35	0.74	0.73	3.28	1.98	0.0	0.48
59	fg1_m13	1	1.47	1	0.11	0.03	0.06	12.2	0.58	0.46	9.82	16.08	0.3	0.21
60	fg1_m13	1	1.47	2	7.14	0.02	0.04	7.91	0.65	0.61	0.86	0.7	0.3	0.48
61	fg1_m13	1	1.47	3	20.08	0.04	0.04	8.94	0.35	0.46	6.51	5.94	0.0	0.48
62	fg1_m13	1	1.47	6	20.1	0.04	0.06	10.32	0.57	0.65	1.72	1.78	0.61	0.48
63	fg1_m13	1	1.52	0	41.27	0.04	0.04	6.62	0.27	0.24	1.75	2.17	0.43	0.48
64	fg1_m13	1	1.52	1	11.14	0.02	0.04	9.17	0.7	0.64	3.16	5.88	0.0	0.48
65	fg1_m13	1	1.52	2	11.4	0.04	0.06	15.88	0.42	0.51	3.64	4.3	0.3	0.21
66	fg1_m13	1	1.52	3	29.26	0.03	0.04	10.95	0.37	0.18	3.1	3.64	0.0	0.48
67	fg1_m13	1	1.52	4	15.8	0.05	0.04	6.06	0.2	0.28	5.01	7.02	0.0	0.48
68	fg1_m13	1	1.52	5	5.32	0.03	0.04	11.61	0.56	0.57	5.89	7.06	0.43	0.48
69	fg1_m13	1	1.52	6	1.7	0.03	0.04	8.09	0.6	0.52	3.48	4.47	0.68	0.21
70	fg1_m13	1	1.66	1	0.54	0.05	0.05	9.78	0.45	0.56	28.93	15.53	0.43	0.48
71	fg1_m13	1	1.66	2	5.42	0.03	0.04	12.42	0.58	0.51	3.08	4.82	0.3	0.21
72	fg1_m13	1	1.66	3	22.1	0.04	0.04	9.55	0.37	0.29	1.76	1.83	0.3	0.48
73	fg1_m13	1	1.66	4	39.26	0.06	0.03	7.0	0.21	0.2	14.41	13.84	0.3	0.48
74	fg1_m13	1	1.66	5	3.59	0.03	0.03	13.02	0.57	0.53	2.65	3.6	0.0	0.21
75	fg1_m13	1	1.66	6	5.71	0.02	0.03	5.33	0.58	0.59	0.81	0.82	0.3	0.48
76	fg1_m13	1	1.71	0	12.19	0.05	0.02	6.86	0.25	0.25	4.17	4.1	0.43	0.48
77	fg1_m13	1	1.71	1	2.15	0.02	0.04	9.01	0.7	0.64	0.79	6.36	0.3	0.48
78	fg1_m13	1	1.71	2	6.03	0.02	0.02	6.21	0.56	0.37	9.67	18.04	0.3	0.48
79	fg1_m13	1	1.71	3	11.95	0.03	0.05	9.96	0.38	0.22	1.33	1.72	0.3	0.48
80	fg1_m13	1	1.71	4	14.71	0.07	0.04	9.76	0.22	0.21	16.68	11.76	0.3	0.88
81	fg1_m13	1	1.71	5	9.42	0.03	0.04	9.02	0.57	0.46	10.02	9.21	0.0	0.48
82	fg1_m13	1	1.71	6	4.16	0.02	0.04	9.38	0.61	0.64	2.15	1.61	0.3	0.48
83	fg1_m13	1	1.76	0	22.9	0.06	0.06	7.6	0.26	0.2	8.1	15.83	0.3	0.77
84	fg1_m13	1	1.76	1	5.55	0.03	0.04	9.82	0.6	0.58	18.37	39.29	0.0	0.48
85	fg1_m13	1	1.76	2	11.43	0.03	0.05	15.04	0.43	0.42	8.38	8.47	0.0	0.21
86	fg1_m13	1	1.76	5	1.87	0.04	0.06	17.54	0.44	0.38	3.45	3.06	0.3	0.21
87	fg1_m13	1	1.76	6	2.67	0.03	0.04	8.3	0.61	0.66	3.88	3.24	0.0	0.64
88	fg1_m13	1	1.81	0	60.02	0.05	0.03	7.38	0.25	0.09	4.54	5.27	0.3	0.64
89	fg1_m13	1	1.81	1	2.64	0.03	0.05	10.44	0.56	0.49	16.91	45.17	0.3	1.07
90	fg1_m13	1	1.81	2	4.8	0.03	0.03	5.59	0.57	0.51	3.13	5.32	0.0	0.48
91	fg1_m13	1	1.81	3	9.24	0.04	0.04	8.9	0.4	0.39	1.89	1.79	0.3	0.48
92	fg1_m13	1	1.81	4	68.52	0.05	0.04	6.19	0.2	0.11	5.73	7.49	0.0	0.48
93	fg1_m13	1	1.81	5	9.42	0.04	0.04	14.01	0.43	0.49	3.61	3.64	0.0	0.21
94	fg1_m13	1	1.81	6	6.1	0.03	0.03	9.43	0.6	0.65	3.97	3.32	0.3	0.77
95	fg1_m13	1	1.86	0	36.68	0.04	0.04	7.32	0.26	0.19	6.62	6.93	0.3	0.77
96	fg1_m13	1	1.86	2	10.54	0.03	0.03	5.33	0.57	0.48	3.62	7.33	0.0	0.48
97	fg1_m13	1	1.86	3	16.52	0.03	0.04	9.67	0.4	0.22	1.09	1.48	0.3	0.48
98	fg1_m13	1	1.86	4	13.5	0.04	0.05	5.21	0.2	0.21	5.28	7.87	0.3	0.48
99	fg1_m13	1	1.91	0	1.96	0.07	0.04	7.83	0.27	0.26	14.69	14.52	0.3	1.07
100	fg1_m13	1	1.91	2	1.27	0.03	0.04	16.22	0.43	0.33	4.97	5.75	0.0	0.21
101	fg1_m13	1	1.91	3	21.25	0.03	0.05	8.51	0.42	0.3	2.77	3.24	0.3	0.48
102	fg1_m13	1	1.91	4	22.32	0.07	0.03	5.9	0.21	0.2	2.86	2.44	0.0	0.48
103	fg1_m13	1	1.91	6	5.08	0.03	0.04	9.05	0.69	0.65	2.2	1.55	0.3	0.48
104	fg1_m13	1	1.96	3	2.46	0.03	0.04	8.57	0.44	0.42	1.24	1.45	0.3	0.64
105	fg1_m13	1	1.96	4	70.79	0.06	0.04	6.2	0.23	0.12	6.14	5.04	0.3	0.77
106	fg1_m13	1	1.96	6	4.35	0.04	0.05	7.17	0.68	0.68	1.81	1.15	0.0	0.21
107	fg1_m13	1	2.0	1	6.43	0.03	0.04	11.73	0.48	0.53	2.78	5.63	0.3	0.64
108	fg1_m13	1	2.0	2	2.23	0.03	0.04	11.8	0.57	0.52	4.25	5.73	0.43	0.21
109	fg1_m13	1	2.0	3	13.6	0.04	0.05	10.05	0.47	0.37	4.32	3.75	0.3	0.48
110	fg1_m13	1	2.0	4	45.18	0.05	0.04	5.75	0.21	0.17	13.99	19.22	0.43	0.48
111	fg1_m13	1	2.0	6	6.38	0.03	0.04	9.88	0.51	0.59	14.76	12.57	0.0	0.48
112	fg1_m13	1	2.05	0	13.45	0.05	0.03	6.68	0.27	0.27	5.19	12.23	0.3	0.48
113	fg1_m13	1	2.05	1	1.14	0.02	0.04	9.04	0.68	0.62	3.9	19.71	0.0	0.48
114	fg1_m13	1	2.05	2	12.07	0.03	0.04	16.53	0.44	0.37	3.31	4.11	0.3	0.21
115	fg1_m13	1	2.05	3	11.61	0.04	0.07	26.1	0.64	0.21	34.73	72.17	3.05	0.88
116	fg1_m13	1	2.05	4	6.1	0.08	0.05	5.73	0.24	0.24	2.48	2.14	0.3	0.48
117	fg1_m13	1	2.05	5	11.2	0.03	0.03	6.11	0.57	0.57	2.49	3.29	0.0	0.48
118	fg1_m13	1	2.05	6	5.6	0.02	0.04	9.66	0.59	0.59	12.34	10.41	0.96	0.48
119	fg1_m13	1	2.1	0	22.6	0.05	0.03	11.15	0.28	0.37	17.77	11.83	0.43	0.21
120	fg1_m13	1	2.1	1	23.31	0.05	0.05	22.93	0.5	0.61	13.29	21.8	0.68	0.64
121	fg1_m13	1	2.1	2	42.52	0.03	0.05	19.65	0.44	0.1	4.17	4.19	0.3	0.21
122	fg1_m13	1	2.1	3	51.57	0.1	0.09	29.34	0.54	0.48	8.88	9.25	0.68	0.48
123	fg1_m13	1	2.1	4	11.04	0.15	0.03	8.13	0.32	0.38	50.05	36.58	0.43	0.77
124	fg1_m13	1	2.1	5	13.65	0.06	0.04	17.94	0.53	0.46	16.09	10.27	0.0	0.48
125	fg1_m13	1	2.1	6	39.35	0.09	0.08	57.56	0.68	0.58	70.7	50.74	0.68	1.68
126	fg1_m13	1	2.15	0	33.93	0.05	0.03	8.81	0.24	0.14	14.18	14.22	0.3	0.48
127	fg1_m13	1	2.15	1	25.39	0.05	0.04	10.59	0.37	0.38	7.75	7.14	0.0	0.48
128	fg1_m13	1	2.15	2	25.2	0.04	0.04	12.09	0.35	0.35	10.45	7.51	0.0	0.21
129	fg1_m13	1	2.15	3	13.2	0.07	0.07	10.31	0.37	0.44	5.45	8.26	0.43	0.48
130	fg1_m13	1	2.15	4	46.12	0.14	0.05	8.39	0.13	0.16	22.74	21.36	0.3	0.48
131	fg1_m13	1	2.15	5	18.67	0.03	0.04	8.68	0.49	0.51	10.4	20.74	0.3	0.48
132	fg1_m13	1	2.15	6	3.11	0.04	0.04	7.88	0.56	0.62	3.81	3.29	0.43	0.48
133	fg1_m13	1	2.2	0	26.75	0.07	0.05	10.5	0.25	0.12	0.68	1.6	0.43	0.48
134	fg1_m13	1	2.2	1	5.46	0.06	0.03	10.78	0.36	0.31	20.43	25.84	0.0	0.48
135	fg1_m13	1	2.2	2	3.88	0.05	0.03	7.9	0.33	0.39	4.24	4.42	0.3	0.48
136	fg1_m13	1	2.2	3	17.24	0.06	0.03	8.59	0.31	0.39	6.01	5.53	0.0	0.48
137	fg1_m13	1	2.2	5	8.19	0.03	0.04	5.89	0.47	0.57	8.27	17.19	0.43	0.48
138	fg1_m13	1	2.2	6	4.16	0.05	0.02	8.86	0.38	0.57	5.44	5.51	0.3	0.48
139	fg1_m13	1	2.25	0	18.62	0.06	0.02	8.98	0.28	0.24	6.23	9.56	0.3	1.07
140	fg1_m13	1	2.25	1	17.3	0.05	0.04	17.02	0.48	0.4	7.01	12.16	0.3	0.48
141	fg1_m13	1	2.25	2	10.55	0.06	0.03	12.48	0.33	0.35	4.71	8.19	0.43	0.21
142	fg1_m13	1	2.25	3	22.92	0.04	0.04	8.6	0.32	0.24	4.88	4.95	0.3	0.48
143	fg1_m13	1	2.25	4	16.0	0.07	0.04	5.71	0.14	0.16	12.35	5.34	0.3	0.21
144	fg1_m13	1	2.25	5	1.93	0.04	0.02	6.62	0.47	0.6	11.34	24.57	0.0	0.48
145	fg1_m13	1	2.25	6	0.21	0.03	0.03	10.32	0.41	0.51	16.21	18.8	0.3	0.48
146	fg1_m13	1	2.3	0	4.67	0.05	0.03	8.04	0.27	0.24	5.0	12.58	0.3	0.48
147	fg1_m13	1	2.3	1	14.4	0.05	0.04	13.5	0.36	0.42	4.04	7.55	0.3	0.21
148	fg1_m13	1	2.3	2	3.79	0.05	0.04	14.17	0.35	0.29	3.31	3.66	0.0	0.21
149	fg1_m13	1	2.3	3	8.31	0.04	0.04	7.71	0.31	0.23	9.87	13.75	0.43	0.64
150	fg1_m13	1	2.3	4	11.86	0.09	0.02	5.18	0.14	0.12	21.25	18.81	0.0	0.48
151	fg1_m13	1	2.3	5	3.98	0.03	0.03	6.45	0.46	0.57	4.38	5.44	0.0	0.48
152	fg1_m13	1	2.3	6	0.7	0.05	0.03	8.67	0.49	0.55	9.09	11.6	0.3	0.21
153	fg1_m13	1	2.35	0	6.97	0.07	0.05	10.02	0.28	0.21	2.04	4.02	0.3	0.48
154	fg1_m13	1	2.35	1	10.01	0.04	0.04	9.44	0.33	0.39	13.11	17.93	0.61	0.77
155	fg1_m13	1	2.35	2	1.45	0.05	0.03	14.6	0.35	0.32	5.53	6.13	0.3	0.21
156	fg1_m13	1	2.35	3	2.34	0.05	0.04	7.39	0.31	0.29	15.44	13.56	0.3	0.48
157	fg1_m13	1	2.35	5	1.08	0.04	0.03	13.75	0.39	0.54	11.38	9.8	0.0	0.21
158	fg1_m13	1	2.35	6	2.15	0.03	0.02	6.16	0.46	0.56	7.77	11.24	0.3	0.48
159	fg1_m13	1	2.4	0	0.91	0.06	0.04	9.56	0.28	0.17	11.59	21.2	0.3	0.48
160	fg1_m13	1	2.4	1	7.09	0.04	0.03	10.18	0.33	0.35	2.56	5.03	0.0	0.48
161	fg1_m13	1	2.4	2	2.81	0.05	0.03	15.28	0.36	0.35	2.98	4.13	0.3	0.21
162	fg1_m13	1	2.4	3	1.8	0.05	0.04	8.63	0.3	0.3	9.08	9.08	0.3	0.48
163	fg1_m13	1	2.4	4	43.8	0.14	0.04	5.22	0.16	0.02	10.39	8.37	0.0	0.48
164	fg1_m13	1	2.4	5	4.83	0.03	0.03	13.37	0.39	0.56	4.91	5.01	0.0	0.21
165	fg1_m13	1	2.4	6	4.29	0.03	0.02	7.15	0.47	0.58	2.22	2.5	0.3	0.21
166	fg1_m13	1	2.44	0	6.9	0.07	0.05	15.66	0.29	0.19	15.0	23.33	0.0	0.64
167	fg1_m13	1	2.44	1	5.32	0.04	0.03	10.04	0.36	0.34	18.67	33.31	0.0	0.21
168	fg1_m13	1	2.44	2	3.91	0.03	0.02	5.69	0.35	0.37	5.43	6.58	0.3	0.48
169	fg1_m13	1	2.44	3	4.14	0.05	0.05	10.04	0.36	0.31	28.05	49.62	0.61	0.21
170	fg1_m13	1	2.44	4	4.74	0.23	0.04	8.01	0.17	0.07	20.78	22.53	0.43	0.21
171	fg1_m13	1	2.44	5	4.98	0.04	0.03	7.11	0.48	0.57	2.32	5.43	0.0	0.48
172	fg1_m13	1	2.44	6	1.21	0.04	0.04	12.57	0.58	0.58	8.27	13.87	0.3	0.48
173	fg1_m13	1	2.54	0	5.47	0.04	0.04	10.11	0.36	0.38	5.66	17.71	0.0	0.48
174	fg1_m13	1	2.54	1	14.41	0.04	0.03	8.8	0.3	0.37	18.76	20.03	0.0	0.21
175	fg1_m13	1	2.54	2	17.52	0.06	0.05	15.12	0.28	0.2	13.49	13.0	0.0	0.21
176	fg1_m13	1	2.54	4	68.4	0.31	0.04	5.2	0.09	0.13	61.65	73.92	0.3	0.21
177	fg1_m13	1	2.54	5	9.93	0.06	0.03	11.88	0.47	0.59	10.36	22.11	0.43	0.48
178	fg1_m13	1	2.54	6	9.41	0.08	0.03	12.85	0.41	0.58	24.75	34.9	0.91	1.68
179	fg1_m13	1	2.64	0	17.8	0.08	0.04	12.2	0.35	0.33	12.33	34.42	0.3	0.21
180	fg1_m13	1	2.64	1	8.95	0.13	0.03	19.14	0.34	0.35	17.62	45.81	0.3	0.64
181	fg1_m13	1	2.64	3	0.32	0.06	0.04	7.96	0.32	0.3	1.52	2.33	0.0	0.48
182	fg1_m13	1	2.64	4	59.5	0.14	0.04	6.18	0.1	0.09	44.66	27.16	0.3	0.48
183	fg1_m13	1	2.64	5	3.34	0.06	0.03	13.96	0.39	0.77	11.12	23.12	0.43	0.21
184	fg1_m13	1	2.64	6	2.02	0.06	0.03	11.15	0.37	0.56	5.67	8.37	0.3	0.21
185	fg1_m13	1	2.74	0	1.79	0.04	0.02	8.53	0.27	0.31	16.9	20.52	0.3	0.48
186	fg1_m13	1	2.74	1	3.44	0.06	0.02	9.82	0.29	0.35	9.99	10.15	0.68	1.07
187	fg1_m13	1	2.74	2	8.5	0.04	0.02	12.47	0.29	0.2	7.59	11.26	0.61	0.77
188	fg1_m13	1	2.74	3	3.47	0.04	0.02	7.95	0.28	0.28	1.39	2.91	0.3	0.64
189	fg1_m13	1	2.74	4	61.01	0.57	0.04	6.62	0.13	0.11	11.38	9.63	0.3	0.21
190	fg1_m13	1	2.74	5	3.02	0.05	0.02	6.08	0.33	0.58	7.75	7.04	0.0	0.48
191	fg1_m13	1	2.74	6	0.73	0.04	0.03	7.21	0.39	0.54	3.34	9.57	0.3	0.48
192	fg1_m13	1	2.83	0	0.34	0.05	0.02	9.2	0.26	0.33	11.23	15.25	0.0	0.48
193	fg1_m13	1	2.83	1	1.84	0.04	0.02	9.67	0.29	0.35	11.44	13.68	0.0	0.21
194	fg1_m13	1	2.83	2	8.35	0.04	0.02	11.91	0.27	0.2	5.47	7.02	0.3	0.48
195	fg1_m13	1	2.83	3	0.26	0.03	0.02	7.13	0.28	0.3	1.07	2.35	0.43	0.88
196	fg1_m13	1	2.83	4	30.3	0.13	0.02	4.42	0.12	0.12	24.02	18.64	0.3	0.21
197	fg1_m13	1	2.83	5	0.06	0.03	0.02	6.69	0.37	0.57	13.0	3.45	0.3	0.77
198	fg1_m13	1	2.83	6	0.05	0.04	0.02	7.43	0.37	0.56	6.31	12.76	0.3	0.48
199	fg1_m13	1	2.92	0	2.06	0.06	0.02	9.48	0.26	0.29	15.1	26.19	0.3	0.48
200	fg1_m13	1	2.92	1	5.92	0.05	0.02	9.45	0.27	0.32	9.53	12.5	0.61	1.07
201	fg1_m13	1	2.92	2	5.38	0.05	0.02	7.88	0.25	0.25	1.33	3.41	0.3	0.48
202	fg1_m13	1	2.92	3	5.51	0.03	0.02	8.16	0.28	0.34	2.75	5.66	0.43	0.88
203	fg1_m13	1	2.92	4	69.45	0.17	0.03	3.51	0.1	0.08	31.54	32.19	0.3	1.07
204	fg1_m13	1	2.92	5	1.13	0.04	0.02	7.45	0.36	0.57	11.18	18.28	0.0	0.48
205	fg1_m13	1	2.92	6	1.97	0.03	0.02	7.62	0.37	0.54	2.19	5.99	0.0	0.48
206	fg1_m13	1	3.02	0	0.65	0.06	0.02	10.24	0.27	0.28	19.52	22.22	0.3	0.48
207	fg1_m13	1	3.02	5	0.29	0.03	0.02	7.63	0.38	0.58	12.9	14.05	0.3	0.88
208	fg1_m13	1	3.02	6	1.76	0.03	0.03	7.78	0.37	0.57	2.08	5.11	0.3	0.48
209	fg1_m13	1	3.12	0	2.26	0.06	0.03	10.36	0.28	0.27	18.79	17.53	0.3	0.21
210	fg1_m13	1	3.12	1	2.15	0.05	0.03	10.48	0.31	0.31	14.97	4.45	0.3	0.21
211	fg1_m13	1	3.12	2	5.49	0.04	0.03	12.74	0.27	0.25	3.43	4.98	0.3	0.21
212	fg1_m13	1	3.12	3	0.9	0.04	0.02	8.24	0.29	0.36	4.17	3.51	0.3	0.48
213	fg1_m13	1	3.12	4	89.44	0.69	0.03	5.35	0.14	0.05	9.58	8.94	0.0	0.21
214	fg1_m13	1	3.12	5	0.13	0.02	0.02	5.11	0.36	0.57	12.21	27.52	0.43	0.77
215	fg1_m13	1	3.12	6	0.8	0.03	0.02	7.55	0.38	0.57	0.69	1.9	0.0	0.48
216	fg1_m13	1	3.22	0	46.44	0.07	0.04	14.34	0.28	0.29	12.67	9.7	0.0	0.48
217	fg1_m13	1	3.22	1	0.19	0.05	0.03	10.52	0.3	0.31	7.15	9.44	0.3	0.48
218	fg1_m13	1	3.22	2	4.52	0.05	0.03	11.7	0.27	0.24	4.21	4.0	0.3	0.21
219	fg1_m13	1	3.22	3	3.39	0.06	0.02	8.83	0.29	0.35	15.68	21.63	0.43	0.48
220	fg1_m13	1	3.22	4	88.1	0.48	0.02	10.05	0.13	0.06	29.26	16.9	0.0	0.21
221	fg1_m13	1	3.22	5	2.02	0.04	0.02	9.44	0.35	0.58	13.51	16.03	0.3	0.21
222	fg1_m13	1	3.22	6	0.52	0.05	0.03	7.0	0.38	0.56	13.34	25.42	0.0	0.48
223	fg1_m13	1	3.31	0	0.59	0.09	0.04	11.2	0.29	0.31	18.23	24.61	0.3	0.21
224	fg1_m13	1	3.31	1	0.31	0.05	0.03	9.86	0.3	0.33	10.36	14.41	0.61	1.07
225	fg1_m13	1	3.31	2	3.82	0.03	0.02	7.23	0.28	0.21	1.89	4.35	0.3	0.48
226	fg1_m13	1	3.31	4	69.98	0.28	0.03	3.81	0.15	0.07	18.93	25.09	0.43	0.48
227	fg1_m13	1	3.31	5	1.85	0.03	0.02	11.43	0.3	0.57	3.99	6.07	0.0	0.21
228	fg1_m13	1	3.31	6	0.96	0.04	0.02	7.42	0.38	0.56	2.0	4.93	0.0	0.64
229	fg1_m13	1	3.41	0	0.51	0.06	0.03	10.03	0.29	0.32	19.94	28.32	0.0	0.21
230	fg1_m13	1	3.41	1	1.18	0.05	0.03	10.24	0.3	0.35	22.61	30.09	0.61	1.07
231	fg1_m13	1	3.41	4	77.94	0.23	0.03	4.33	0.18	0.09	11.85	10.43	0.3	0.48
232	fg1_m13	1	3.41	5	0.75	0.04	0.02	10.24	0.38	0.57	12.14	14.63	0.0	0.21
233	fg1_m13	1	3.41	6	0.68	0.03	0.02	7.73	0.38	0.57	0.89	2.73	0.3	0.48
234	fg1_m13	1	8.38	0	2.51	0.04	0.02	7.4	0.34	0.19	2.42	4.31	0.61	0.48
235	fg1_m13	1	8.38	3	0.01	0.04	0.03	7.51	0.43	0.39	0.53	1.32	0.3	0.64
236	fg1_m13	1	8.38	4	59.07	0.48	0.02	8.99	0.18	0.03	2.1	4.07	0.0	0.77
237	fg1_m13	1	8.38	5	1.85	0.03	0.02	8.16	0.46	0.52	2.05	2.54	0.0	0.48
238	fg1_m13	1	8.38	6	0.98	0.03	0.02	8.13	0.47	0.49	1.69	3.55	0.0	0.48
0	fg1_m13_iso1_rotated	0	0.05	0	1.62	0.01	0.03	7.65	0.76	0.28	3.74	10.37	0.43	0.88
1	fg1_m13_iso1_rotated	0	0.05	1	1.6	0.01	0.03	7.85	0.86	0.5	6.47	21.21	0.43	0.64
2	fg1_m13_iso1_rotated	0	0.05	2	21.49	0.05	0.03	18.99	0.86	0.51	5.51	21.81	0.3	0.21
3	fg1_m13_iso1_rotated	0	0.05	3	17.82	0.04	0.03	15.59	0.86	0.51	1.72	14.36	0.3	0.48
4	fg1_m13_iso1_rotated	0	0.05	4	75.0	0.08	0.04	5.81	0.28	0.01	5.89	20.01	0.0	0.64
5	fg1_m13_iso1_rotated	0	0.05	5	18.33	0.09	0.04	5.78	0.27	0.02	6.56	13.08	0.3	0.77
6	fg1_m13_iso1_rotated	0	0.05	6	4.87	0.07	0.04	5.3	0.27	0.02	6.55	15.43	0.0	0.48
7	fg1_m13_iso1_rotated	0	0.1	0	1.07	0.02	0.03	7.89	0.76	0.29	5.67	11.1	0.3	0.48
8	fg1_m13_iso1_rotated	0	0.1	2	8.85	0.03	0.03	12.56	0.86	0.5	1.17	6.54	0.86	0.88
9	fg1_m13_iso1_rotated	0	0.1	3	1.34	0.02	0.03	8.16	0.86	0.51	2.85	16.71	0.43	0.21
10	fg1_m13_iso1_rotated	0	0.1	4	9.29	0.12	0.04	6.64	0.28	0.02	9.38	18.66	0.3	0.64
11	fg1_m13_iso1_rotated	0	0.1	5	43.0	0.08	0.04	5.2	0.27	0.01	21.67	43.02	0.3	1.07
12	fg1_m13_iso1_rotated	0	0.1	6	31.7	0.08	0.04	6.07	0.33	0.02	8.01	20.19	0.3	0.21
13	fg1_m13_iso1_rotated	0	0.2	0	1.59	0.04	0.05	9.03	0.76	0.29	5.08	30.94	0.68	1.5
14	fg1_m13_iso1_rotated	0	0.2	1	1.97	0.01	0.03	8.01	0.86	0.51	7.28	21.71	0.43	0.48
15	fg1_m13_iso1_rotated	0	0.2	3	1.29	0.01	0.03	4.68	0.86	0.5	1.76	9.4	0.0	0.48
16	fg1_m13_iso1_rotated	0	0.2	4	78.17	0.12	0.06	5.4	0.28	0.03	12.4	21.07	0.43	0.77
17	fg1_m13_iso1_rotated	0	0.2	5	20.33	0.09	0.04	6.45	0.28	0.01	10.66	22.38	0.0	0.64
18	fg1_m13_iso1_rotated	0	0.2	6	10.64	0.12	0.04	7.09	0.28	0.02	9.74	17.96	0.3	1.3
19	fg1_m13_iso1_rotated	0	0.29	0	0.09	0.02	0.04	7.74	0.77	0.29	4.0	18.83	0.0	1.07
20	fg1_m13_iso1_rotated	0	0.29	1	1.56	0.02	0.04	8.35	0.86	0.5	10.35	24.77	0.3	0.48
21	fg1_m13_iso1_rotated	0	0.29	2	0.89	0.02	0.03	6.99	0.86	0.5	7.24	21.47	0.68	0.48
22	fg1_m13_iso1_rotated	0	0.29	3	12.16	0.03	0.04	13.89	0.86	0.51	2.0	11.23	0.68	0.48
23	fg1_m13_iso1_rotated	0	0.29	4	19.55	0.1	0.03	5.23	0.27	0.02	6.68	13.11	0.43	0.64
24	fg1_m13_iso1_rotated	0	0.29	5	68.53	0.09	0.04	6.15	0.28	0.01	11.82	18.29	0.43	0.77
25	fg1_m13_iso1_rotated	0	0.29	6	28.5	0.07	0.04	5.28	0.26	0.02	8.95	15.57	0.3	0.64
26	fg1_m13_iso1_rotated	0	0.39	0	2.57	0.02	0.03	7.58	0.76	0.28	4.86	24.46	0.0	0.48
27	fg1_m13_iso1_rotated	0	0.39	1	1.67	0.02	0.03	8.06	0.85	0.5	2.0	11.63	0.3	0.48
28	fg1_m13_iso1_rotated	0	0.39	2	1.43	0.02	0.03	8.01	0.86	0.51	1.97	12.18	0.3	0.21
29	fg1_m13_iso1_rotated	0	0.39	3	18.43	0.05	0.04	16.69	0.86	0.51	0.8	4.23	0.3	0.48
30	fg1_m13_iso1_rotated	0	0.39	4	38.57	0.09	0.04	6.11	0.26	0.02	17.43	33.57	0.3	0.88
31	fg1_m13_iso1_rotated	0	0.39	5	6.71	0.06	0.04	4.63	0.28	0.04	15.24	26.09	0.43	0.21
32	fg1_m13_iso1_rotated	0	0.39	6	62.05	0.08	0.04	5.7	0.28	0.02	12.22	32.42	0.0	1.07
33	fg1_m13_iso1_rotated	0	0.49	0	3.61	0.03	0.03	8.19	0.76	0.27	6.27	30.14	0.61	0.88
34	fg1_m13_iso1_rotated	0	0.49	1	2.19	0.02	0.03	8.73	0.82	0.5	7.32	14.14	0.0	0.21
35	fg1_m13_iso1_rotated	0	0.49	2	1.48	0.01	0.03	7.99	0.85	0.5	1.65	7.26	0.0	0.64
36	fg1_m13_iso1_rotated	0	0.49	3	2.7	0.02	0.04	9.19	0.85	0.52	8.38	31.91	0.43	0.21
37	fg1_m13_iso1_rotated	0	0.49	4	57.32	0.22	0.06	6.58	0.29	0.03	7.15	14.42	0.3	0.21
38	fg1_m13_iso1_rotated	0	0.49	5	50.06	0.09	0.04	5.1	0.28	0.03	10.93	14.17	0.3	0.88
39	fg1_m13_iso1_rotated	0	0.49	6	69.9	0.26	0.04	5.21	0.3	0.05	7.37	14.74	0.43	0.48
40	fg1_m13_iso1_rotated	0	0.59	0	9.12	0.04	0.04	12.43	0.77	0.31	4.48	26.79	1.09	0.48
41	fg1_m13_iso1_rotated	0	0.59	1	12.78	0.04	0.04	14.31	0.85	0.52	7.66	15.25	1.21	1.07
42	fg1_m13_iso1_rotated	0	0.59	2	0.42	0.02	0.04	7.09	0.86	0.5	6.64	16.18	0.0	0.21
43	fg1_m13_iso1_rotated	0	0.59	3	2.54	0.02	0.03	8.66	0.82	0.5	2.75	18.34	0.0	0.48
44	fg1_m13_iso1_rotated	0	0.59	4	19.84	0.09	0.05	6.17	0.27	0.05	16.14	23.19	0.3	1.3
45	fg1_m13_iso1_rotated	0	0.59	5	86.96	0.09	0.05	6.1	0.27	0.04	5.55	13.05	0.86	1.07
46	fg1_m13_iso1_rotated	0	0.59	6	58.0	0.08	0.04	5.28	0.31	0.04	4.18	10.29	0.68	0.88
47	fg1_m13_iso1_rotated	0	1.96	0	84.85	0.03	0.05	7.77	0.61	0.43	5.09	26.12	0.43	0.77
48	fg1_m13_iso1_rotated	0	1.96	1	8.51	0.03	0.06	11.31	0.64	0.04	3.77	11.75	0.43	0.77
49	fg1_m13_iso1_rotated	0	1.96	2	23.36	0.03	0.05	14.42	0.82	0.68	6.36	26.17	0.3	0.48
50	fg1_m13_iso1_rotated	0	1.96	4	79.54	0.08	0.06	5.63	0.24	0.65	3.59	13.43	0.68	0.48
51	fg1_m13_iso1_rotated	0	1.96	5	41.28	0.11	0.04	3.67	0.31	0.66	10.25	17.11	0.43	0.77
52	fg1_m13_iso1_rotated	0	1.96	6	50.31	0.11	0.04	4.07	0.27	0.66	15.27	28.4	0.43	0.21
0	fg1_m13_iso0.333_rotated	0	0.05	0	45.34	0.08	0.08	13.02	0.78	0.27	5.19	20.0	0.61	0.48
1	fg1_m13_iso0.333_rotated	0	0.05	1	2.24	0.02	0.07	7.89	0.84	0.49	2.39	7.29	0.68	1.16
2	fg1_m13_iso0.333_rotated	0	0.05	2	2.24	0.02	0.05	8.07	0.84	0.5	15.69	13.57	0.3	0.48
3	fg1_m13_iso0.333_rotated	0	0.05	3	5.16	0.03	0.06	8.39	0.84	0.5	11.96	28.09	0.3	0.48
4	fg1_m13_iso0.333_rotated	0	0.05	4	16.25	0.13	0.07	5.18	0.31	0.01	18.8	20.97	0.3	0.48
5	fg1_m13_iso0.333_rotated	0	0.05	5	5.8	0.12	0.07	4.96	0.29	0.03	16.73	20.41	0.0	0.48
6	fg1_m13_iso0.333_rotated	0	0.05	6	53.11	0.38	0.05	6.08	0.32	0.03	15.85	15.85	0.0	0.77
7	fg1_m13_iso0.333_rotated	0	0.1	0	3.71	0.03	0.06	7.66	0.77	0.29	4.26	14.87	0.3	0.77
8	fg1_m13_iso0.333_rotated	0	0.1	1	7.95	0.03	0.06	10.87	0.84	0.5	9.44	21.35	0.0	0.21
9	fg1_m13_iso0.333_rotated	0	0.1	2	1.87	0.02	0.06	8.65	0.83	0.5	2.8	7.45	0.96	1.44
10	fg1_m13_iso0.333_rotated	0	0.1	3	3.12	0.05	0.06	9.55	0.84	0.49	15.83	29.91	0.0	0.77
11	fg1_m13_iso0.333_rotated	0	0.1	4	42.76	0.15	0.08	5.34	0.29	0.04	19.69	17.15	0.0	0.21
12	fg1_m13_iso0.333_rotated	0	0.1	5	43.3	0.08	0.06	4.1	0.35	0.03	10.28	30.1	0.3	0.48
13	fg1_m13_iso0.333_rotated	0	0.1	6	86.55	0.09	0.09	4.56	0.31	0.01	17.27	11.11	0.3	0.48
14	fg1_m13_iso0.333_rotated	0	0.29	0	1.04	0.05	0.09	8.74	0.68	0.28	8.8	23.77	0.3	0.77
15	fg1_m13_iso0.333_rotated	0	0.29	1	1.42	0.05	0.05	9.09	0.83	0.49	3.58	11.21	0.0	0.21
16	fg1_m13_iso0.333_rotated	0	0.29	2	1.65	0.03	0.07	6.33	0.83	0.5	1.73	4.73	0.0	0.21
17	fg1_m13_iso0.333_rotated	0	0.29	3	9.62	0.04	0.06	11.29	0.81	0.5	2.67	6.61	0.3	0.88
18	fg1_m13_iso0.333_rotated	0	0.29	4	19.2	0.11	0.08	4.14	0.38	0.01	11.96	25.64	0.96	1.37
19	fg1_m13_iso0.333_rotated	0	0.29	5	19.99	0.15	0.09	4.9	0.31	0.04	17.89	15.94	0.68	0.21
20	fg1_m13_iso0.333_rotated	0	0.29	6	13.78	0.1	0.08	3.32	0.35	0.03	10.43	27.11	0.0	1.07
21	fg1_m13_iso0.333_rotated	0	0.49	0	0.76	0.04	0.08	7.97	0.75	0.27	5.1	16.09	0.3	0.48
22	fg1_m13_iso0.333_rotated	0	0.49	1	5.32	0.05	0.08	10.32	0.82	0.49	6.7	19.53	0.43	0.77
23	fg1_m13_iso0.333_rotated	0	0.49	2	3.37	0.03	0.06	6.42	0.83	0.5	3.36	7.12	0.3	0.21
24	fg1_m13_iso0.333_rotated	0	0.49	3	89.73	0.66	0.08	15.51	0.84	0.5	2.45	7.05	0.0	0.48
25	fg1_m13_iso0.333_rotated	0	0.49	4	83.8	0.11	0.08	5.35	0.35	0.02	13.26	32.99	0.68	0.64
26	fg1_m13_iso0.333_rotated	0	0.49	5	12.98	0.11	0.07	3.57	0.34	0.04	4.46	12.53	0.3	0.48
27	fg1_m13_iso0.333_rotated	0	0.49	6	86.91	0.56	0.08	5.31	0.3	0.01	20.42	17.83	0.43	0.88
28	fg1_m13_iso0.333_rotated	0	0.98	0	9.44	0.07	0.08	14.12	0.75	0.34	5.6	19.44	0.3	0.64
29	fg1_m13_iso0.333_rotated	0	0.98	1	0.69	0.05	0.06	12.31	0.82	0.52	6.4	14.82	0.96	0.88
30	fg1_m13_iso0.333_rotated	0	0.98	2	6.62	0.03	0.05	8.45	0.84	0.5	15.93	23.98	0.68	0.48
31	fg1_m13_iso0.333_rotated	0	0.98	3	2.85	0.02	0.07	8.05	0.8	0.47	3.99	8.44	0.68	0.21
32	fg1_m13_iso0.333_rotated	0	0.98	4	33.74	0.18	0.08	4.55	0.33	0.13	15.14	22.73	0.0	0.88
33	fg1_m13_iso0.333_rotated	0	0.98	5	30.15	0.1	0.07	2.8	0.34	0.11	9.79	15.17	2.21	1.56
34	fg1_m13_iso0.333_rotated	0	0.98	6	47.7	0.12	0.1	5.66	0.32	0.11	8.55	18.34	0.3	0.88
35	fg1_m13_iso0.333_rotated	0	1.96	0	73.97	0.08	0.05	11.64	0.56	0.46	10.31	13.51	1.25	0.64
36	fg1_m13_iso0.333_rotated	0	1.96	1	46.48	0.04	0.06	10.18	0.66	0.29	5.99	14.9	0.3	0.77
37	fg1_m13_iso0.333_rotated	0	1.96	2	14.82	0.03	0.06	8.29	0.8	0.69	2.13	3.04	0.3	0.48
38	fg1_m13_iso0.333_rotated	0	1.96	3	26.31	0.04	0.08	9.06	0.8	0.64	3.47	6.12	0.68	0.48
39	fg1_m13_iso0.333_rotated	0	1.96	4	64.5	0.19	0.05	5.77	0.2	0.62	8.98	4.84	0.3	0.77
40	fg1_m13_iso0.333_rotated	0	1.96	5	62.63	0.14	0.05	5.06	0.29	0.63	7.94	4.12	0.68	0.48
41	fg1_m13_iso0.333_rotated	0	1.96	6	61.63	0.13	0.09	4.63	0.3	0.61	7.63	3.87	0.0	0.48
0	fg3_m12	1	1.66	0	5.75	0.04	0.07	11.55	0.35	0.13	12.6	21.11	0.0	0.77
1	fg3_m12	1	1.66	1	2.19	0.03	0.06	11.85	0.63	0.54	12.78	26.92	0.68	0.77
2	fg3_m12	1	1.66	2	1.76	0.03	0.06	19.53	0.54	0.35	5.03	6.4	0.3	0.48
3	fg3_m12	1	1.66	5	1.73	0.04	0.04	12.18	0.66	0.61	12.72	17.01	0.0	0.48
4	fg3_m12	1	1.76	0	12.43	0.05	0.07	12.32	0.37	0.11	5.76	12.17	0.43	0.48
5	fg3_m12	1	1.76	1	3.0	0.03	0.05	11.68	0.68	0.5	16.17	36.33	0.68	0.21
6	fg3_m12	1	1.76	2	4.01	0.03	0.04	14.29	0.67	0.31	13.32	32.68	1.36	0.48
7	fg3_m12	1	1.76	3	5.8	0.04	0.1	17.86	0.57	0.3	30.91	38.14	1.92	0.64
8	fg3_m12	1	1.76	4	30.14	0.05	0.07	6.72	0.46	0.06	12.95	22.33	1.09	0.21
9	fg3_m12	1	1.76	5	85.03	0.22	0.12	31.5	0.6	0.64	90.1	92.64	2.21	0.48
11	fg3_m12	1	1.81	0	20.8	0.07	0.03	16.64	0.42	0.29	21.74	28.83	0.43	0.21
12	fg3_m12	1	1.81	1	28.63	0.07	0.09	36.14	0.53	0.59	14.49	23.47	2.21	0.48
13	fg3_m12	1	1.81	2	68.74	0.04	0.05	24.48	0.55	0.15	15.51	26.25	1.09	0.21
14	fg3_m12	1	1.81	3	36.62	0.09	0.13	58.07	0.71	0.58	4.85	15.64	0.43	1.68
15	fg3_m12	1	1.81	4	52.54	0.43	0.1	14.58	0.32	0.27	32.53	44.58	3.27	0.48
16	fg3_m12	1	1.81	5	59.25	0.23	0.13	26.33	0.69	0.59	21.38	31.81	2.19	0.64
17	fg3_m12	1	1.81	6	32.7	0.1	0.1	71.89	0.56	0.6	26.9	36.26	1.21	1.83
18	fg3_m12	1	1.86	0	17.23	0.06	0.03	14.49	0.31	0.16	12.01	12.54	0.43	0.21
19	fg3_m12	1	1.86	1	29.5	0.07	0.06	14.05	0.53	0.39	8.28	16.9	0.43	0.48
20	fg3_m12	1	1.86	2	31.62	0.06	0.09	13.09	0.44	0.27	7.59	12.81	0.61	0.77
21	fg3_m12	1	1.86	3	44.75	0.1	0.06	18.92	0.59	0.57	6.38	18.05	0.91	1.16
22	fg3_m12	1	1.86	4	41.77	0.09	0.03	6.84	0.14	0.12	17.26	11.92	0.3	0.48
23	fg3_m12	1	1.86	6	38.02	0.12	0.12	37.25	0.5	0.66	28.0	24.1	3.84	0.77
24	fg3_m12	1	1.91	0	1.78	0.08	0.03	14.81	0.36	0.19	32.0	50.03	0.3	0.48
25	fg3_m12	1	1.91	2	5.97	0.06	0.05	11.27	0.45	0.34	6.31	8.65	0.3	0.48
26	fg3_m12	1	1.91	3	15.16	0.06	0.06	14.92	0.51	0.52	22.95	30.73	0.3	0.77
27	fg3_m12	1	1.91	4	51.2	0.12	0.05	10.03	0.15	0.09	19.83	15.47	0.3	0.21
28	fg3_m12	1	1.91	6	63.8	0.07	0.05	7.35	0.34	0.62	14.34	11.98	0.3	0.48
29	fg3_m12	1	2.0	0	7.36	0.07	0.05	17.63	0.39	0.27	16.01	17.1	0.0	0.48
30	fg3_m12	1	2.0	1	84.58	0.45	0.2	11.79	0.56	0.34	78.84	33.22	2.86	0.88
31	fg3_m12	1	2.0	2	1.21	0.08	0.05	19.43	0.42	0.25	17.7	20.56	0.43	0.21
32	fg3_m12	1	2.0	3	1.62	0.19	0.05	26.25	0.26	0.3	21.73	33.46	0.3	0.77
33	fg3_m12	1	2.0	4	59.66	0.54	0.07	8.49	0.15	0.04	28.35	7.9	0.0	0.21
34	fg3_m12	1	2.0	5	56.54	0.15	0.09	28.77	0.61	0.62	40.17	62.7	3.35	0.48
35	fg3_m12	1	2.0	6	40.82	0.11	0.07	18.55	0.59	0.55	40.25	22.3	1.63	0.21
36	fg3_m12	1	2.05	0	6.33	0.04	0.05	22.28	0.43	0.44	13.8	11.68	0.61	1.3
37	fg3_m12	1	2.05	1	28.71	0.11	0.07	20.66	0.17	0.33	51.17	49.79	0.43	1.3
38	fg3_m12	1	2.05	2	13.54	0.11	0.07	24.41	0.33	0.05	38.85	32.58	0.0	0.88
39	fg3_m12	1	2.05	3	26.01	0.08	0.04	22.22	0.35	0.32	13.77	19.52	0.3	0.88
40	fg3_m12	1	2.05	4	14.58	0.11	0.07	11.33	0.26	0.2	55.28	37.95	0.3	0.88
41	fg3_m12	1	2.05	5	1.71	0.14	0.06	39.88	0.44	0.55	37.71	44.51	1.25	1.73
42	fg3_m12	1	2.05	6	7.77	0.2	0.05	31.91	0.38	0.52	23.42	24.54	0.61	0.88
43	fg3_m12	1	2.15	0	45.72	0.06	0.02	17.53	0.33	0.34	18.17	16.63	0.0	0.48
44	fg3_m12	1	2.15	2	6.17	0.07	0.02	13.13	0.24	0.09	12.14	15.88	0.0	0.48
45	fg3_m12	1	2.15	3	4.85	0.11	0.08	14.59	0.21	0.24	5.41	5.91	0.61	1.07
46	fg3_m12	1	2.15	4	9.71	0.11	0.02	10.09	0.17	0.1	44.68	38.52	0.3	0.77
47	fg3_m12	1	2.15	5	0.99	0.04	0.02	19.12	0.34	0.42	37.73	34.59	0.0	0.77
48	fg3_m12	1	2.15	6	12.9	0.09	0.07	13.25	0.25	0.3	27.62	28.92	0.0	0.48
49	fg3_m12	1	2.2	1	44.5	0.09	0.05	9.97	0.14	0.11	26.42	16.37	0.43	1.07
50	fg3_m12	1	2.2	2	6.15	0.06	0.04	14.14	0.25	0.12	5.14	8.63	0.3	0.21
51	fg3_m12	1	2.2	3	4.64	0.13	0.06	19.65	0.16	0.22	23.37	31.5	0.0	0.21
52	fg3_m12	1	2.2	4	13.2	0.08	0.04	9.56	0.15	0.14	13.26	13.08	0.43	0.48
53	fg3_m12	1	2.2	5	3.14	0.06	0.03	16.29	0.33	0.46	18.87	31.19	0.0	0.48
54	fg3_m12	1	2.2	6	4.0	0.1	0.05	13.34	0.23	0.32	18.96	19.71	0.0	0.48
55	fg3_m12	1	2.25	0	5.45	0.09	0.04	21.02	0.27	0.39	57.31	27.26	0.0	0.64
56	fg3_m12	1	2.25	1	3.03	0.12	0.04	10.18	0.15	0.13	35.16	26.66	0.0	0.48
57	fg3_m12	1	2.25	2	6.64	0.04	0.03	15.28	0.25	0.09	13.36	16.53	0.3	0.77
58	fg3_m12	1	2.25	4	10.4	0.12	0.05	8.83	0.14	0.15	35.18	25.02	0.0	0.77
59	fg3_m12	1	2.25	5	6.54	0.05	0.02	18.45	0.35	0.47	25.02	38.25	0.3	0.48
60	fg3_m12	1	2.25	6	0.6	0.13	0.06	26.15	0.3	0.35	45.46	62.09	0.3	1.16
61	fg3_m12	1	2.35	0	7.4	0.09	0.04	16.92	0.27	0.37	34.56	40.09	0.0	0.48
62	fg3_m12	1	2.35	2	23.8	0.06	0.05	14.05	0.18	0.1	6.45	7.01	0.43	0.21
63	fg3_m12	1	2.35	3	0.81	0.11	0.05	10.39	0.13	0.23	33.1	36.15	0.3	0.48
64	fg3_m12	1	2.35	4	8.8	0.07	0.03	7.7	0.17	0.14	25.36	19.51	0.3	0.48
65	fg3_m12	1	2.35	5	5.56	0.04	0.03	16.77	0.38	0.48	23.01	39.5	0.3	0.48
66	fg3_m12	1	2.35	6	1.73	0.07	0.03	10.34	0.23	0.35	21.07	27.39	0.3	0.48
67	fg3_m12	1	2.44	0	6.97	0.06	0.05	10.65	0.29	0.37	48.02	33.73	0.43	0.21
69	fg3_m12	1	2.54	0	4.12	0.07	0.06	17.39	0.27	0.35	33.63	31.35	0.43	0.64
70	fg3_m12	1	2.54	1	3.08	0.18	0.06	12.23	0.1	0.06	17.62	13.48	0.0	0.21
71	fg3_m12	1	2.54	2	21.77	0.04	0.05	11.16	0.28	0.14	9.67	12.31	0.43	0.21
72	fg3_m12	1	2.54	3	8.54	0.08	0.05	10.18	0.29	0.35	3.15	7.4	0.3	0.48
73	fg3_m12	1	2.54	4	4.66	0.08	0.04	9.04	0.18	0.09	11.37	11.67	0.3	0.77
74	fg3_m12	1	2.54	5	18.12	0.06	0.05	18.5	0.3	0.38	6.24	11.42	0.0	0.48
75	fg3_m12	1	2.54	6	4.69	0.04	0.02	9.47	0.34	0.41	21.84	31.76	0.3	0.48
76	fg3_m12	1	2.59	0	4.5	0.07	0.06	26.47	0.21	0.33	62.65	71.63	0.43	0.64
77	fg3_m12	1	2.59	1	26.24	0.14	0.05	10.76	0.13	0.08	28.82	23.94	0.0	0.21
78	fg3_m12	1	2.59	2	10.62	0.05	0.03	11.89	0.28	0.15	17.31	20.13	0.3	0.48
79	fg3_m12	1	2.59	3	1.3	0.06	0.05	9.22	0.3	0.37	7.21	8.75	0.43	0.48
80	fg3_m12	1	2.59	4	0.34	0.05	0.03	6.87	0.23	0.05	12.04	13.6	0.43	0.48
81	fg3_m12	1	2.59	5	27.62	0.06	0.05	18.66	0.29	0.31	10.88	14.68	0.3	0.21
82	fg3_m12	1	2.59	6	3.55	0.05	0.02	9.62	0.35	0.42	17.37	25.66	0.43	0.48
83	fg3_m12	1	2.69	0	2.79	0.04	0.05	17.23	0.22	0.33	28.84	43.19	0.3	0.48
84	fg3_m12	1	2.69	1	69.69	0.26	0.06	10.87	0.13	0.08	33.19	26.17	0.0	0.21
85	fg3_m12	1	2.69	2	2.87	0.04	0.04	7.16	0.27	0.14	8.87	5.97	0.61	0.64
86	fg3_m12	1	2.69	4	2.53	0.09	0.04	8.96	0.22	0.07	2.72	4.58	0.0	0.48
87	fg3_m12	1	2.69	5	23.89	0.06	0.04	13.83	0.27	0.3	7.75	12.46	0.3	0.48
88	fg3_m12	1	2.69	6	5.57	0.05	0.03	12.13	0.35	0.44	26.83	43.08	0.0	0.21
89	fg3_m12	1	2.79	1	24.87	0.18	0.09	13.97	0.15	0.06	43.43	24.11	0.0	0.21
90	fg3_m12	1	2.79	2	30.93	0.08	0.05	14.22	0.27	0.17	22.82	29.63	0.68	0.21
91	fg3_m12	1	2.79	3	2.4	0.07	0.05	15.2	0.4	0.45	19.92	19.4	0.43	0.48
92	fg3_m12	1	2.79	4	12.21	0.07	0.03	8.71	0.19	0.07	15.08	18.3	0.43	0.48
93	fg3_m12	1	2.79	5	34.78	0.07	0.06	17.42	0.22	0.29	7.48	13.62	0.0	0.21
94	fg3_m12	1	2.79	6	0.94	0.03	0.03	8.89	0.36	0.44	9.49	14.26	0.43	0.77
95	fg3_m12	1	3.62	0	15.46	0.06	0.04	17.29	0.31	0.34	17.56	21.45	0.3	0.48
96	fg3_m12	1	3.62	3	14.3	0.06	0.03	10.41	0.35	0.44	12.44	13.39	0.0	0.77
97	fg3_m12	1	3.62	5	3.96	0.04	0.03	22.16	0.38	0.41	14.81	14.81	0.0	0.21
98	fg3_m12	1	3.62	6	1.99	0.05	0.02	10.21	0.33	0.41	12.28	20.95	0.0	0.77
99	fg3_m12	1	4.6	0	2.46	0.04	0.04	16.91	0.35	0.37	16.0	11.57	0.0	0.48
100	fg3_m12	1	4.6	2	11.63	0.05	0.06	14.14	0.26	0.08	2.85	4.83	0.3	0.21
101	fg3_m12	1	4.6	3	0.63	0.05	0.06	18.52	0.32	0.41	26.35	16.69	0.43	1.07
102	fg3_m12	1	4.6	4	0.3	0.09	0.05	8.85	0.17	0.05	3.22	3.62	0.3	0.48
103	fg3_m12	1	4.6	5	24.35	0.04	0.05	22.42	0.33	0.33	4.26	9.12	0.43	0.21
104	fg3_m12	1	4.6	6	2.5	0.03	0.04	12.63	0.37	0.45	0.14	13.72	0.0	0.21
105	fg3_m12	1	5.18	0	7.81	0.04	0.04	20.15	0.32	0.33	31.63	27.94	0.0	0.48
106	fg3_m12	1	5.18	1	6.84	0.06	0.06	15.62	0.28	0.16	8.86	7.72	0.61	0.21
107	fg3_m12	1	5.18	3	1.43	0.07	0.06	13.66	0.31	0.42	27.39	20.51	0.0	0.48
108	fg3_m12	1	5.18	4	25.1	0.07	0.07	7.73	0.19	0.04	2.96	4.05	0.3	0.48
109	fg3_m12	1	5.18	5	8.48	0.05	0.05	20.8	0.34	0.31	10.41	13.47	0.3	0.48
110	fg3_m12	1	5.18	6	0.32	0.03	0.03	8.46	0.28	0.43	6.81	10.85	0.0	0.64
111	fg3_m12	1	5.57	0	0.56	0.04	0.03	17.46	0.3	0.27	15.53	14.55	0.3	0.48
112	fg3_m12	1	5.57	1	5.72	0.05	0.06	16.34	0.29	0.19	15.31	18.74	0.3	0.48
113	fg3_m12	1	5.57	2	10.19	0.06	0.08	12.53	0.24	0.07	14.85	12.0	0.3	0.48
114	fg3_m12	1	5.57	3	5.29	0.08	0.06	14.53	0.29	0.41	24.18	16.32	0.43	0.48
115	fg3_m12	1	5.57	6	3.91	0.04	0.03	11.98	0.29	0.44	32.02	30.92	0.3	0.64
116	fg3_m12	1	6.06	0	1.02	0.05	0.04	13.31	0.43	0.29	17.16	27.78	0.68	0.77
117	fg3_m12	1	6.06	1	2.21	0.04	0.02	7.92	0.37	0.16	6.17	13.34	0.3	0.48
118	fg3_m12	1	6.06	2	9.01	0.05	0.04	9.79	0.24	0.06	14.96	17.0	0.0	0.21
119	fg3_m12	1	6.06	3	2.3	0.08	0.04	18.83	0.4	0.41	22.07	27.54	0.0	0.77
120	fg3_m12	1	6.06	5	4.12	0.05	0.06	19.02	0.32	0.34	32.7	33.16	0.0	0.64
121	fg3_m12	1	6.06	6	1.1	0.04	0.03	9.67	0.41	0.46	30.01	26.97	0.3	0.48
122	fg3_m12	1	0.05	0	1.49	0.03	0.07	7.44	0.57	0.14	9.78	16.16	0.3	0.48
123	fg3_m12	1	0.05	1	20.8	0.08	0.1	17.5	0.88	0.85	2.72	1.05	0.3	0.48
124	fg3_m12	1	0.05	2	0.98	0.04	0.07	11.12	0.88	0.82	5.51	3.19	0.3	0.21
125	fg3_m12	1	0.05	4	2.49	0.03	0.08	8.98	0.79	0.2	8.99	15.59	0.3	0.48
126	fg3_m12	1	0.05	5	0.14	0.02	0.06	12.27	0.78	0.38	2.59	4.86	0.43	0.21
127	fg3_m12	1	0.05	6	1.5	0.05	0.08	9.98	0.89	0.84	0.64	1.28	0.61	0.48
128	fg3_m12	1	0.1	0	1.68	0.03	0.08	8.22	0.64	0.13	4.64	20.3	0.43	0.21
129	fg3_m12	1	0.1	1	5.97	0.06	0.09	11.07	0.89	0.84	4.75	2.17	0.0	0.48
130	fg3_m12	1	0.1	2	3.75	0.05	0.09	11.95	0.88	0.82	3.05	2.2	0.0	0.21
131	fg3_m12	1	0.1	3	2.13	0.03	0.07	8.93	0.8	0.28	8.39	18.99	0.3	0.48
132	fg3_m12	1	0.1	4	2.63	0.03	0.1	8.7	0.81	0.21	1.95	7.12	1.36	0.77
133	fg3_m12	1	0.1	5	1.22	0.02	0.06	12.53	0.79	0.39	5.85	8.15	0.0	0.21
134	fg3_m12	1	0.1	6	1.3	0.06	0.1	10.39	0.89	0.84	2.11	4.8	0.43	0.77
135	fg3_m12	1	0.2	0	0.79	0.03	0.08	7.44	0.61	0.14	3.54	11.88	0.68	0.88
136	fg3_m12	1	0.2	1	2.2	0.05	0.09	19.09	0.89	0.85	4.85	2.19	0.3	0.48
137	fg3_m12	1	0.2	2	0.51	0.05	0.07	11.18	0.89	0.82	4.09	3.04	0.3	0.21
138	fg3_m12	1	0.2	3	4.15	0.04	0.09	14.73	0.82	0.29	3.64	8.56	1.55	0.48
139	fg3_m12	1	0.2	4	2.34	0.03	0.09	8.6	0.83	0.2	2.99	8.76	0.91	0.64
140	fg3_m12	1	0.2	5	1.53	0.03	0.07	11.97	0.79	0.39	1.71	6.97	0.68	0.48
141	fg3_m12	1	0.2	6	3.86	0.03	0.07	8.4	0.9	0.84	0.79	3.36	0.68	1.07
142	fg3_m12	1	0.29	0	6.66	0.03	0.08	7.8	0.59	0.12	4.48	15.78	0.61	0.64
143	fg3_m12	1	0.29	1	6.22	0.08	0.09	10.81	0.86	0.85	3.9	1.56	0.68	0.48
144	fg3_m12	1	0.29	2	1.62	0.04	0.08	12.91	0.89	0.8	4.6	3.03	0.3	0.21
145	fg3_m12	1	0.29	3	2.7	0.03	0.1	9.11	0.86	0.29	8.54	12.14	1.52	0.21
146	fg3_m12	1	0.29	4	0.61	0.04	0.1	8.33	0.86	0.19	2.83	6.11	1.25	0.88
147	fg3_m12	1	0.29	5	1.89	0.03	0.07	12.29	0.79	0.4	3.09	10.29	0.61	0.21
148	fg3_m12	1	0.39	0	18.83	0.03	0.07	7.39	0.62	0.29	9.63	17.86	0.3	0.21
149	fg3_m12	1	0.39	1	10.55	0.05	0.08	17.05	0.92	0.38	2.74	5.18	1.52	0.21
150	fg3_m12	1	0.39	2	16.26	0.04	0.11	17.07	0.79	0.71	2.08	5.07	0.61	2.4
151	fg3_m12	1	0.39	3	8.62	0.03	0.09	9.5	0.93	0.4	25.91	56.41	1.92	0.21
152	fg3_m12	1	0.39	4	19.49	0.03	0.1	10.05	0.81	0.08	3.06	9.05	0.68	0.48
153	fg3_m12	1	0.39	5	3.52	0.02	0.07	12.66	0.8	0.31	10.5	30.88	1.21	0.48
154	fg3_m12	1	0.59	0	79.75	0.04	0.07	10.97	0.35	0.5	2.18	2.3	0.3	0.64
155	fg3_m12	1	0.59	2	2.45	0.04	0.08	17.86	0.72	0.69	18.0	24.87	0.61	0.21
156	fg3_m12	1	0.59	3	21.1	0.05	0.06	13.4	0.67	0.58	2.81	8.5	0.43	0.48
157	fg3_m12	1	0.59	4	74.63	0.07	0.06	14.86	0.43	0.52	24.81	53.32	0.43	0.88
158	fg3_m12	1	0.59	5	23.43	0.05	0.05	19.29	0.65	0.6	23.06	40.25	0.43	0.48
159	fg3_m12	1	0.59	6	5.79	0.04	0.07	13.24	0.74	0.72	5.51	16.32	1.25	0.48
160	fg3_m12	1	0.78	0	18.5	0.07	0.1	10.53	0.32	0.06	12.74	15.47	0.0	0.48
161	fg3_m12	1	0.78	1	10.33	0.03	0.03	11.27	0.64	0.63	2.91	3.47	0.3	1.07
162	fg3_m12	1	0.78	2	2.11	0.03	0.05	20.42	0.55	0.49	6.6	4.96	0.3	0.21
163	fg3_m12	1	0.78	3	0.97	0.04	0.05	11.85	0.45	0.41	2.65	3.99	0.3	0.48
164	fg3_m12	1	0.78	5	0.27	0.03	0.05	8.39	0.61	0.44	4.25	7.67	0.68	0.77
165	fg3_m12	1	0.78	6	2.36	0.02	0.04	9.29	0.67	0.67	17.78	20.12	0.3	0.64
166	fg3_m12	1	0.98	0	1.23	0.03	0.04	9.63	0.35	0.14	3.5	5.63	0.43	0.88
167	fg3_m12	1	0.98	1	0.53	0.03	0.05	10.46	0.72	0.66	4.19	7.0	0.3	0.48
168	fg3_m12	1	0.98	2	0.99	0.03	0.05	14.97	0.64	0.45	20.54	28.87	0.3	0.48
169	fg3_m12	1	0.98	5	2.94	0.03	0.07	9.12	0.6	0.48	13.96	22.43	0.0	0.21
170	fg3_m12	1	0.98	6	0.15	0.03	0.04	8.48	0.72	0.66	3.73	4.6	0.43	0.48
171	fg3_m12	1	1.17	1	4.9	0.03	0.06	13.28	0.64	0.56	11.97	18.3	0.3	0.64
172	fg3_m12	1	1.17	2	0.43	0.03	0.05	14.97	0.61	0.43	11.93	18.73	0.3	0.21
173	fg3_m12	1	1.17	5	0.3	0.04	0.07	15.66	0.59	0.45	9.46	16.66	0.43	0.77
174	fg3_m12	1	1.17	6	5.07	0.03	0.05	11.41	0.72	0.68	1.06	1.61	0.0	0.48
175	fg3_m12	1	1.37	1	9.19	0.03	0.05	12.14	0.64	0.6	14.15	23.27	0.0	0.21
176	fg3_m12	1	1.37	2	0.18	0.03	0.04	20.99	0.52	0.35	5.27	5.34	0.3	0.21
177	fg3_m12	1	1.37	3	7.31	0.03	0.08	11.41	0.43	0.25	2.16	4.36	0.3	0.48
178	fg3_m12	1	1.37	4	13.93	0.05	0.06	7.77	0.24	0.05	1.47	1.41	0.0	0.48
179	fg3_m12	1	1.37	5	0.29	0.03	0.05	8.08	0.51	0.47	19.68	22.8	0.61	1.07
180	fg3_m12	1	1.37	6	1.43	0.03	0.05	9.88	0.72	0.69	14.05	16.67	0.3	0.64
181	fg3_m12	1	1.56	0	9.11	0.03	0.05	11.0	0.34	0.09	7.45	16.18	0.3	0.48
182	fg3_m12	1	1.56	1	0.98	0.03	0.06	11.21	0.62	0.52	10.74	19.93	0.3	0.21
183	fg3_m12	1	1.56	2	0.21	0.02	0.05	15.13	0.62	0.4	13.8	23.07	0.3	0.48
184	fg3_m12	1	1.56	3	0.55	0.04	0.07	10.77	0.46	0.27	4.29	5.63	0.0	0.48
185	fg3_m12	1	1.56	5	4.11	0.02	0.03	6.92	0.64	0.56	13.0	18.6	0.3	0.77
186	fg3_m12	1	1.56	6	0.25	0.02	0.04	10.36	0.72	0.68	1.55	1.59	0.43	0.64
0	fg3_m12_iso0.5_rotated	0	0.05	0	2.68	0.03	0.08	8.89	0.75	0.29	4.62	12.73	0.3	0.48
1	fg3_m12_iso0.5_rotated	0	0.05	1	3.1	0.03	0.08	10.09	0.81	0.5	2.92	8.6	0.3	0.48
2	fg3_m12_iso0.5_rotated	0	0.05	2	35.7	0.05	0.05	17.45	0.8	0.49	9.22	21.72	0.3	0.48
3	fg3_m12_iso0.5_rotated	0	0.05	3	3.06	0.02	0.06	6.66	0.85	0.5	2.02	8.43	0.43	0.21
4	fg3_m12_iso0.5_rotated	0	0.05	4	9.59	0.11	0.09	6.68	0.35	0.02	15.49	18.09	0.0	0.48
5	fg3_m12_iso0.5_rotated	0	0.05	5	80.1	0.12	0.08	6.33	0.34	0.01	23.71	24.74	0.3	0.77
6	fg3_m12_iso0.5_rotated	0	0.05	6	20.5	0.13	0.05	6.92	0.34	0.03	20.86	38.97	0.68	0.48
7	fg3_m12_iso0.5_rotated	0	0.1	0	4.81	0.04	0.07	10.36	0.75	0.27	8.92	26.49	0.43	0.48
8	fg3_m12_iso0.5_rotated	0	0.1	1	2.34	0.02	0.05	6.03	0.81	0.49	2.2	7.36	0.0	0.48
9	fg3_m12_iso0.5_rotated	0	0.1	2	3.8	0.02	0.05	7.27	0.82	0.5	4.93	8.24	0.43	0.21
10	fg3_m12_iso0.5_rotated	0	0.1	3	2.72	0.03	0.05	10.02	0.82	0.51	10.21	26.01	0.3	0.21
11	fg3_m12_iso0.5_rotated	0	0.1	4	87.18	0.1	0.08	6.01	0.36	0.01	11.99	18.72	0.61	0.48
12	fg3_m12_iso0.5_rotated	0	0.1	5	7.46	0.16	0.11	6.52	0.39	0.03	29.08	40.87	0.68	0.48
13	fg3_m12_iso0.5_rotated	0	0.1	6	10.06	0.13	0.09	7.14	0.34	0.04	18.24	25.27	0.43	0.88
14	fg3_m12_iso0.5_rotated	0	0.29	0	4.27	0.03	0.07	9.08	0.77	0.3	1.42	5.46	0.68	1.07
15	fg3_m12_iso0.5_rotated	0	0.29	1	3.85	0.04	0.06	11.81	0.83	0.51	2.63	8.64	0.3	0.21
16	fg3_m12_iso0.5_rotated	0	0.29	2	9.99	0.06	0.08	12.98	0.81	0.51	21.44	43.73	0.96	0.88
17	fg3_m12_iso0.5_rotated	0	0.29	3	2.73	0.03	0.06	6.44	0.82	0.48	9.76	21.06	0.0	0.21
18	fg3_m12_iso0.5_rotated	0	0.29	4	31.7	0.09	0.09	6.85	0.38	0.08	17.92	24.23	0.61	0.88
19	fg3_m12_iso0.5_rotated	0	0.29	5	18.09	0.12	0.11	6.19	0.35	0.06	23.36	42.07	0.3	1.07
20	fg3_m12_iso0.5_rotated	0	0.29	6	89.9	0.1	0.09	5.96	0.38	0.05	16.56	25.26	0.43	0.21
21	fg3_m12_iso0.5_rotated	0	0.49	0	5.68	0.07	0.07	11.08	0.76	0.25	4.32	7.09	0.96	0.21
22	fg3_m12_iso0.5_rotated	0	0.49	1	6.38	0.06	0.06	13.56	0.81	0.49	11.7	5.17	1.21	0.48
23	fg3_m12_iso0.5_rotated	0	0.49	2	2.31	0.06	0.06	11.79	0.81	0.5	3.56	7.78	0.68	0.77
24	fg3_m12_iso0.5_rotated	0	0.49	3	7.38	0.03	0.06	12.35	0.82	0.52	7.46	20.24	0.3	0.48
25	fg3_m12_iso0.5_rotated	0	0.49	4	79.27	0.12	0.08	7.83	0.38	0.06	30.56	35.23	0.91	1.16
26	fg3_m12_iso0.5_rotated	0	0.49	5	49.3	0.14	0.08	5.5	0.35	0.08	38.01	40.14	1.09	1.07
27	fg3_m12_iso0.5_rotated	0	0.49	6	1.93	0.11	0.1	5.53	0.4	0.09	19.61	31.64	0.86	0.88
28	fg3_m12_iso0.5_rotated	0	1.96	0	2.34	0.03	0.06	14.06	0.73	0.27	7.54	19.39	0.43	0.64
29	fg3_m12_iso0.5_rotated	0	1.96	1	2.85	0.02	0.04	10.49	0.79	0.49	3.04	7.45	0.0	0.48
30	fg3_m12_iso0.5_rotated	0	1.96	2	6.98	0.03	0.06	10.57	0.78	0.47	11.07	9.02	0.3	0.21
31	fg3_m12_iso0.5_rotated	0	1.96	3	0.41	0.03	0.04	9.27	0.77	0.45	11.65	27.13	0.3	0.64
32	fg3_m12_iso0.5_rotated	0	1.96	6	35.4	0.1	0.06	6.84	0.28	0.07	13.82	17.8	0.0	0.64
0	fg3_m12_iso1_rotated	0	0.05	0	1.34	0.02	0.05	9.11	0.75	0.27	6.86	19.03	0.43	0.64
1	fg3_m12_iso1_rotated	0	0.05	1	1.47	0.02	0.05	7.99	0.84	0.5	7.41	16.22	0.43	0.48
2	fg3_m12_iso1_rotated	0	0.05	2	1.03	0.02	0.05	9.19	0.85	0.51	9.01	30.53	0.43	0.21
3	fg3_m12_iso1_rotated	0	0.05	3	1.71	0.02	0.04	6.78	0.85	0.51	1.27	7.78	0.43	0.21
4	fg3_m12_iso1_rotated	0	0.05	4	27.1	0.1	0.05	6.85	0.28	0.01	10.85	16.05	0.68	1.16
5	fg3_m12_iso1_rotated	0	0.05	5	1.98	0.1	0.07	7.18	0.29	0.03	10.48	22.09	0.68	0.88
6	fg3_m12_iso1_rotated	0	0.05	6	13.35	0.16	0.07	7.74	0.28	0.02	16.58	24.5	0.68	1.07
7	fg3_m12_iso1_rotated	0	0.1	0	1.09	0.03	0.04	10.17	0.76	0.28	6.6	21.08	0.3	0.64
8	fg3_m12_iso1_rotated	0	0.1	1	1.51	0.02	0.04	9.32	0.85	0.5	7.29	20.21	1.25	1.07
9	fg3_m12_iso1_rotated	0	0.1	2	44.8	0.09	0.05	24.54	0.85	0.51	12.84	33.0	0.61	0.77
10	fg3_m12_iso1_rotated	0	0.1	3	1.23	0.02	0.04	10.87	0.81	0.51	7.92	20.26	0.61	1.07
11	fg3_m12_iso1_rotated	0	0.1	4	22.19	0.07	0.05	6.13	0.32	0.01	10.59	20.0	0.3	0.77
12	fg3_m12_iso1_rotated	0	0.1	5	41.9	0.11	0.06	8.02	0.3	0.03	13.2	24.12	0.0	0.64
13	fg3_m12_iso1_rotated	0	0.1	6	20.32	0.08	0.05	6.53	0.31	0.02	9.54	13.01	0.0	0.48
14	fg3_m12_iso1_rotated	0	0.2	0	1.26	0.03	0.05	9.43	0.77	0.28	4.17	19.18	0.3	0.77
15	fg3_m12_iso1_rotated	0	0.2	1	8.05	0.03	0.04	14.52	0.86	0.49	1.23	8.91	0.43	0.48
16	fg3_m12_iso1_rotated	0	0.2	2	1.37	0.02	0.04	9.65	0.86	0.51	7.24	22.87	0.3	0.48
17	fg3_m12_iso1_rotated	0	0.2	3	8.83	0.04	0.06	15.52	0.85	0.51	11.07	34.56	1.09	1.44
18	fg3_m12_iso1_rotated	0	0.2	4	49.22	0.08	0.06	6.82	0.31	0.0	9.05	21.8	0.3	0.77
19	fg3_m12_iso1_rotated	0	0.2	5	25.51	0.08	0.06	6.09	0.33	0.02	13.4	21.5	0.3	0.48
20	fg3_m12_iso1_rotated	0	0.2	6	26.8	0.06	0.06	6.3	0.33	0.03	18.45	31.35	0.3	1.16
21	fg3_m12_iso1_rotated	0	0.29	0	2.45	0.04	0.05	10.59	0.78	0.28	4.1	17.63	0.86	0.21
22	fg3_m12_iso1_rotated	0	0.29	1	0.04	0.02	0.04	9.42	0.86	0.5	8.47	28.77	0.43	0.48
23	fg3_m12_iso1_rotated	0	0.29	2	1.9	0.02	0.04	10.15	0.83	0.51	5.82	10.31	0.0	0.64
24	fg3_m12_iso1_rotated	0	0.29	3	8.05	0.03	0.04	15.68	0.86	0.51	7.52	22.33	0.43	0.21
25	fg3_m12_iso1_rotated	0	0.29	4	44.18	0.08	0.06	5.77	0.33	0.02	12.47	23.9	0.3	0.77
26	fg3_m12_iso1_rotated	0	0.39	0	3.36	0.02	0.05	9.22	0.78	0.29	5.19	13.39	0.3	0.48
27	fg3_m12_iso1_rotated	0	0.39	1	1.46	0.02	0.04	9.08	0.86	0.51	3.21	17.06	0.3	0.48
28	fg3_m12_iso1_rotated	0	0.39	2	8.6	0.02	0.04	13.46	0.86	0.52	1.74	9.81	0.3	0.48
29	fg3_m12_iso1_rotated	0	0.39	3	8.9	0.04	0.04	16.84	0.83	0.5	8.64	10.89	0.0	0.48
30	fg3_m12_iso1_rotated	0	0.39	4	8.1	0.1	0.07	5.82	0.33	0.03	17.48	26.43	0.0	1.07
31	fg3_m12_iso1_rotated	0	0.39	5	10.53	0.1	0.07	6.56	0.36	0.03	18.64	42.43	0.3	0.21
32	fg3_m12_iso1_rotated	0	0.39	6	75.85	0.07	0.06	5.92	0.34	0.01	14.8	22.88	0.43	0.64
33	fg3_m12_iso1_rotated	0	0.49	0	4.03	0.03	0.04	9.9	0.78	0.29	6.93	31.06	0.43	0.77
34	fg3_m12_iso1_rotated	0	0.49	1	0.48	0.02	0.05	10.23	0.83	0.51	2.97	14.71	0.3	0.48
35	fg3_m12_iso1_rotated	0	0.49	2	0.91	0.02	0.04	10.67	0.83	0.5	6.14	16.5	0.3	0.21
36	fg3_m12_iso1_rotated	0	0.49	3	1.81	0.03	0.05	10.82	0.83	0.51	2.91	14.88	0.3	0.48
37	fg3_m12_iso1_rotated	0	0.49	4	4.94	0.08	0.08	6.07	0.34	0.02	10.49	21.19	0.0	0.48
38	fg3_m12_iso1_rotated	0	0.49	5	57.62	0.06	0.06	5.56	0.34	0.01	15.64	31.57	0.43	0.48
39	fg3_m12_iso1_rotated	0	0.49	6	17.16	0.08	0.06	6.57	0.37	0.03	19.44	43.12	0.43	0.88
40	fg3_m12_iso1_rotated	0	0.59	0	7.83	0.04	0.05	14.75	0.79	0.29	6.92	29.95	0.43	0.77
41	fg3_m12_iso1_rotated	0	0.59	1	8.3	0.04	0.04	15.47	0.83	0.5	4.07	18.97	0.43	0.48
42	fg3_m12_iso1_rotated	0	0.59	2	0.25	0.02	0.04	10.22	0.86	0.52	3.72	20.88	0.0	0.21
43	fg3_m12_iso1_rotated	0	0.59	3	27.68	0.05	0.03	22.53	0.83	0.5	2.77	15.76	0.68	0.88
44	fg3_m12_iso1_rotated	0	0.59	4	30.78	0.08	0.05	5.41	0.32	0.03	16.48	38.33	0.43	0.48
45	fg3_m12_iso1_rotated	0	0.59	5	8.17	0.07	0.07	6.61	0.34	0.03	12.23	19.31	0.3	0.64
46	fg3_m12_iso1_rotated	0	0.59	6	33.6	0.08	0.06	5.78	0.35	0.01	17.02	31.32	0.43	0.48
47	fg3_m12_iso1_rotated	0	0.98	0	3.8	0.02	0.04	9.1	0.78	0.29	4.44	10.3	0.3	0.77
48	fg3_m12_iso1_rotated	0	0.98	1	2.89	0.04	0.05	17.72	0.82	0.5	4.74	23.16	0.68	1.56
49	fg3_m12_iso1_rotated	0	0.98	2	0.44	0.02	0.03	9.91	0.83	0.51	4.04	17.89	0.0	0.48
50	fg3_m12_iso1_rotated	0	0.98	3	0.92	0.03	0.04	10.59	0.83	0.5	2.45	13.07	0.43	0.64
51	fg3_m12_iso1_rotated	0	0.98	4	35.1	0.06	0.05	5.58	0.33	0.04	9.83	16.57	0.3	0.64
52	fg3_m12_iso1_rotated	0	0.98	5	8.08	0.06	0.05	5.14	0.34	0.04	7.54	16.71	0.3	0.77
53	fg3_m12_iso1_rotated	0	0.98	6	68.92	0.07	0.05	5.57	0.35	0.01	14.11	28.55	0.0	0.77
54	fg3_m12_iso1_rotated	0	1.96	0	7.63	0.03	0.04	8.67	0.77	0.33	4.85	31.58	0.3	0.77
55	fg3_m12_iso1_rotated	0	1.96	1	0.95	0.02	0.03	16.69	0.81	0.53	3.29	14.69	1.25	1.68
56	fg3_m12_iso1_rotated	0	1.96	2	1.78	0.02	0.04	10.39	0.8	0.47	2.64	13.33	0.91	0.64
57	fg3_m12_iso1_rotated	0	1.96	3	4.36	0.05	0.06	16.56	0.85	0.51	12.13	42.5	0.68	0.48
58	fg3_m12_iso1_rotated	0	1.96	4	83.73	0.12	0.06	7.47	0.32	0.15	17.86	33.48	0.0	0.88
59	fg3_m12_iso1_rotated	0	1.96	5	86.7	0.07	0.05	5.69	0.31	0.13	5.57	12.59	0.3	0.21
60	fg3_m12_iso1_rotated	0	1.96	6	33.74	0.06	0.05	4.89	0.33	0.15	7.72	17.59	0.0	1.16