Counter	Image	class label	Myr	Viewpoint	Delta PA	v_asym	s_asym	resids	lambda_r	epsilon	A	A_2	deltapos	deltapos2	nspax	re	meanvel	varvel	skewvel	kurtvel	meansig	varsig	skewsig	kurtsig	abskewvel	abskewsig	random
0	fg3_m12_iso1_rotated	0	0.05	0	88.47	0.02	0.05	9.11	0.7	0.31	6.51	20.63	0.43	0.64	1256	15.03	0.07	79.77	-0.04	-1.14	58.61	16.99	0.27	2.01	0.04	0.27	0.59
1	fg3_m12_iso1_rotated	0	0.05	1	88.4	0.02	0.05	7.99	0.8	0.52	2.15	11.17	0.43	0.48	1749	18.8	-0.99	99.0	-0.02	-1.06	52.28	20.1	0.08	0.22	0.02	0.08	1.02
2	fg3_m12_iso1_rotated	0	0.05	2	88.73	0.02	0.04	9.35	0.81	0.51	9.02	23.29	0.43	0.48	1742	19.21	-4.53	98.74	-0.0	-1.04	51.39	20.01	0.22	0.07	0.0	0.22	0.4
3	fg3_m12_iso1_rotated	0	0.05	3	88.15	0.02	0.05	6.59	0.8	0.52	1.69	10.12	0.43	0.48	1741	19.06	-0.3	98.79	-0.03	-1.08	50.88	21.47	-0.24	0.13	0.03	0.24	1.91
4	fg3_m12_iso1_rotated	0	0.05	4	10.87	0.38	0.05	8.47	0.26	0.02	23.69	29.58	0.68	0.88	764	13.45	-1.47	20.21	-0.13	-0.75	56.94	15.97	0.07	1.84	0.13	0.07	-0.98
5	fg3_m12_iso1_rotated	0	0.05	5	81.09	0.1	0.07	7.26	0.28	0.05	14.24	18.55	0.68	1.07	764	13.59	-8.34	20.49	0.11	-0.87	58.62	16.35	-0.39	1.13	0.11	0.39	1.61
6	fg3_m12_iso1_rotated	0	0.05	6	45.84	0.19	0.06	6.24	0.26	0.05	22.35	30.51	0.68	1.16	764	13.76	3.28	19.82	-0.17	-0.65	57.03	16.23	-0.2	0.93	0.17	0.2	0.09
7	fg3_m12_iso1_rotated	0	0.1	0	85.59	0.03	0.04	10.17	0.72	0.28	6.61	22.04	0.3	0.64	1256	16.23	3.89	81.74	-0.08	-1.15	58.23	17.73	-0.18	0.66	0.08	0.18	-0.59
8	fg3_m12_iso1_rotated	0	0.1	1	88.29	0.02	0.04	9.32	0.8	0.51	8.89	26.0	1.25	1.07	1720	18.15	-0.25	102.41	-0.03	-1.08	53.17	18.73	0.12	0.16	0.03	0.12	-1.25
9	fg3_m12_iso1_rotated	0	0.1	2	45.0	0.09	0.05	24.54	0.8	0.51	8.85	11.7	0.61	0.77	1703	18.37	8.88	102.31	-0.12	-1.06	51.69	21.09	-0.08	-0.17	0.12	0.08	-0.01
10	fg3_m12_iso1_rotated	0	0.1	3	87.87	0.02	0.04	10.87	0.79	0.49	7.82	23.39	0.61	1.07	1256	17.96	-23.91	92.29	0.16	-0.91	55.89	19.01	-0.01	0.03	0.16	0.01	0.85
11	fg3_m12_iso1_rotated	0	0.1	4	79.97	0.07	0.05	6.13	0.31	-0.02	23.23	31.48	0.3	0.77	764	13.99	-4.67	20.6	-0.0	-0.89	54.87	15.7	-0.11	1.7	0.0	0.11	0.66
12	fg3_m12_iso1_rotated	0	0.1	5	51.02	0.11	0.06	8.02	0.29	0.03	31.57	43.58	0.0	0.64	764	14.12	-3.2	20.59	-0.05	-0.97	55.9	15.35	-0.1	0.73	0.05	0.1	0.9
13	fg3_m12_iso1_rotated	0	0.1	6	80.69	0.08	0.05	6.53	0.3	0.03	25.68	23.48	0.0	0.48	764	13.93	-3.83	20.83	-0.09	-0.71	55.27	14.9	-0.3	0.97	0.09	0.3	1.48
14	fg3_m12_iso1_rotated	0	0.2	0	85.37	0.03	0.05	9.43	0.74	0.31	4.69	14.97	0.3	0.77	1256	15.57	1.9	80.79	-0.05	-1.16	54.5	17.36	-0.31	1.35	0.05	0.31	0.41
15	fg3_m12_iso1_rotated	0	0.2	1	81.85	0.03	0.04	14.52	0.82	0.51	1.95	12.37	0.43	0.48	1715	18.71	-3.31	101.46	-0.01	-1.11	50.68	18.99	-0.17	0.21	0.01	0.17	-0.32
16	fg3_m12_iso1_rotated	0	0.2	2	85.69	0.02	0.04	9.65	0.82	0.5	7.4	10.09	0.3	0.48	1709	18.82	-1.26	100.8	-0.02	-1.1	51.03	19.65	0.0	0.56	0.02	0.0	-2.34
17	fg3_m12_iso1_rotated	0	0.2	3	89.98	0.03	0.06	11.49	0.82	0.53	3.8	21.97	1.09	1.73	1715	18.96	2.57	101.05	-0.07	-1.1	51.83	19.3	-0.31	0.46	0.07	0.31	-3.09
18	fg3_m12_iso1_rotated	0	0.2	4	78.43	0.08	0.06	6.82	0.29	0.01	14.96	24.68	0.3	0.77	764	13.3	-2.3	19.57	-0.04	-0.63	50.86	15.96	-0.13	0.85	0.04	0.13	-0.29
19	fg3_m12_iso1_rotated	0	0.2	5	80.98	0.08	0.07	5.74	0.32	0.03	9.9	14.48	0.3	0.21	764	13.56	-2.91	20.65	0.01	-0.95	51.4	17.06	-0.24	0.75	0.01	0.24	-0.11
20	fg3_m12_iso1_rotated	0	0.2	6	82.16	0.07	0.05	6.25	0.31	0.04	18.61	24.62	0.3	0.88	764	13.61	-4.71	20.96	-0.06	-0.77	51.06	15.54	-0.12	0.8	0.06	0.12	-0.8
21	fg3_m12_iso1_rotated	0	0.29	0	89.87	0.04	0.05	10.54	0.74	0.27	6.34	24.57	0.86	0.21	1256	16.03	4.38	81.49	-0.08	-1.16	54.48	15.67	0.06	1.07	0.08	0.06	0.91
22	fg3_m12_iso1_rotated	0	0.29	1	89.36	0.02	0.04	9.42	0.81	0.51	1.89	10.08	0.43	0.48	1721	18.03	-1.28	102.79	-0.05	-1.09	51.19	18.05	0.25	0.03	0.05	0.25	-1.43
23	fg3_m12_iso1_rotated	0	0.29	2	86.03	0.02	0.04	10.06	0.81	0.52	5.91	13.23	0.0	0.48	1255	17.71	0.35	93.89	-0.04	-0.95	54.86	17.91	-0.25	0.79	0.04	0.25	0.41
24	fg3_m12_iso1_rotated	0	0.29	3	80.99	0.04	0.04	13.77	0.82	0.51	1.57	8.68	0.43	0.48	1728	18.07	2.52	101.08	-0.07	-1.05	50.27	19.58	-0.11	-0.24	0.07	0.11	-0.04
25	fg3_m12_iso1_rotated	0	0.29	4	82.36	0.08	0.06	5.77	0.33	0.02	18.42	27.35	0.3	0.77	764	14.55	-1.85	20.59	-0.02	-0.96	50.49	14.99	0.06	0.54	0.02	0.06	-0.58
26	fg3_m12_iso1_rotated	0	0.39	0	88.94	0.02	0.05	9.22	0.75	0.29	5.95	16.07	0.3	0.48	1256	16.65	-4.21	80.94	-0.0	-1.17	54.42	16.63	-0.22	0.93	0.0	0.22	-0.24
27	fg3_m12_iso1_rotated	0	0.39	1	85.71	0.02	0.04	9.08	0.81	0.51	9.96	15.69	0.3	0.48	1671	18.33	-0.52	103.58	-0.05	-1.11	52.78	18.43	0.03	0.18	0.05	0.03	-0.18
28	fg3_m12_iso1_rotated	0	0.39	2	62.37	0.05	0.04	23.57	0.81	0.52	2.93	17.83	0.3	0.48	1669	18.63	-3.43	103.1	0.01	-1.12	52.8	18.47	-0.04	0.33	0.01	0.04	-0.56
29	fg3_m12_iso1_rotated	0	0.39	3	89.38	0.02	0.04	10.32	0.81	0.51	7.92	8.99	0.0	0.64	1253	17.83	0.76	93.97	-0.02	-0.98	54.2	17.83	-0.28	1.11	0.02	0.28	-0.69
30	fg3_m12_iso1_rotated	0	0.39	4	54.27	0.1	0.07	6.3	0.32	0.08	29.33	32.23	0.0	0.77	764	13.55	0.79	20.0	-0.13	-0.84	47.75	17.03	0.25	1.54	0.13	0.25	0.25
31	fg3_m12_iso1_rotated	0	0.39	5	19.11	0.28	0.1	6.98	0.35	0.06	20.9	27.01	0.3	0.48	764	13.57	-10.63	19.68	0.14	-0.73	48.25	15.02	-0.1	0.89	0.14	0.1	-0.14
32	fg3_m12_iso1_rotated	0	0.39	6	80.42	0.07	0.06	5.92	0.33	0.05	7.89	12.64	0.43	0.64	764	13.46	-4.4	20.54	0.05	-0.9	49.16	15.22	0.01	1.57	0.05	0.01	0.4
33	fg3_m12_iso1_rotated	0	0.49	0	85.33	0.03	0.04	10.73	0.74	0.31	9.01	29.89	0.43	0.48	1256	15.47	2.6	82.52	-0.1	-1.14	55.1	16.4	-0.02	1.02	0.1	0.02	-0.33
34	fg3_m12_iso1_rotated	0	0.49	1	85.71	0.02	0.05	10.23	0.8	0.55	4.91	16.89	0.3	0.48	1252	17.4	4.75	93.93	-0.06	-0.93	55.35	16.76	0.08	-0.12	0.06	0.08	0.23
35	fg3_m12_iso1_rotated	0	0.49	2	88.94	0.02	0.04	10.67	0.81	0.53	8.84	18.69	0.3	0.21	1256	17.23	3.69	94.87	-0.09	-0.94	53.78	18.9	-0.16	-0.25	0.09	0.16	-0.26
36	fg3_m12_iso1_rotated	0	0.49	3	85.36	0.03	0.05	10.82	0.81	0.52	2.24	13.17	0.3	0.48	1256	17.98	1.33	93.23	-0.05	-0.94	55.29	16.68	0.01	0.29	0.05	0.01	1.36
37	fg3_m12_iso1_rotated	0	0.49	4	61.08	0.08	0.08	6.07	0.33	-0.04	22.36	38.42	0.0	0.48	764	14.37	0.78	21.07	-0.06	-0.81	48.75	15.26	-0.14	1.15	0.06	0.14	1.08
38	fg3_m12_iso1_rotated	0	0.49	5	79.87	0.06	0.06	5.56	0.33	-0.02	9.57	19.51	0.43	0.48	764	14.38	-2.24	20.8	0.05	-0.89	49.45	14.96	-0.07	0.94	0.05	0.07	-0.37
39	fg3_m12_iso1_rotated	0	0.49	6	80.55	0.08	0.06	6.57	0.34	0.08	30.58	53.39	0.43	0.88	1256	14.77	-0.36	23.03	-0.16	-0.98	48.86	16.78	-0.04	1.89	0.16	0.04	-1.82
40	fg3_m12_iso1_rotated	0	0.59	0	77.88	0.04	0.05	14.75	0.76	0.26	5.87	21.68	0.43	0.77	1256	16.84	-0.55	83.94	-0.07	-1.21	54.67	15.49	-0.06	0.94	0.07	0.06	-1.52
41	fg3_m12_iso1_rotated	0	0.59	1	87.42	0.03	0.04	11.55	0.81	0.5	6.9	17.22	0.43	0.77	1256	17.99	5.33	94.83	-0.1	-0.97	54.34	18.31	-0.18	0.02	0.1	0.18	-0.28
42	fg3_m12_iso1_rotated	0	0.59	2	88.83	0.02	0.04	7.64	0.82	0.5	2.4	12.21	0.0	0.21	1717	18.51	-0.92	102.68	-0.07	-1.07	52.16	19.66	-0.13	0.53	0.07	0.13	-0.09
43	fg3_m12_iso1_rotated	0	0.59	3	65.66	0.05	0.03	22.53	0.81	0.51	3.24	20.04	0.68	0.88	1256	17.36	-14.62	95.76	0.1	-0.93	53.98	18.52	-0.42	0.71	0.1	0.42	0.56
44	fg3_m12_iso1_rotated	0	0.59	4	83.03	0.08	0.06	6.19	0.32	-0.05	31.12	26.64	0.43	0.77	764	13.82	-3.72	19.83	0.11	-0.77	49.7	14.96	0.19	1.52	0.11	0.19	0.92
45	fg3_m12_iso1_rotated	0	0.59	5	85.0	0.07	0.06	5.32	0.32	0.01	11.84	18.18	0.3	0.48	764	13.43	-2.2	21.28	-0.07	-0.89	49.42	15.15	-0.2	1.32	0.07	0.2	-1.05
46	fg3_m12_iso1_rotated	0	0.59	6	84.17	0.07	0.07	5.47	0.34	-0.05	6.22	8.38	0.43	0.64	764	13.95	-2.44	21.64	0.08	-0.95	49.29	14.66	0.08	1.27	0.08	0.08	-0.07
47	fg3_m12_iso1_rotated	0	0.98	0	89.56	0.02	0.04	9.1	0.74	0.32	5.64	16.29	0.3	0.77	1256	16.01	-3.71	82.47	-0.0	-1.17	56.35	14.1	0.23	1.02	0.0	0.23	-0.71
48	fg3_m12_iso1_rotated	0	0.98	1	84.02	0.04	0.05	13.39	0.81	0.5	4.65	26.97	0.68	1.3	1254	17.96	-24.53	93.2	0.17	-0.91	54.67	16.76	-0.28	0.27	0.17	0.28	0.75
49	fg3_m12_iso1_rotated	0	0.98	2	82.8	0.04	0.03	13.7	0.82	0.53	1.5	9.04	0.0	0.21	1256	17.92	2.33	95.0	-0.07	-0.97	54.76	17.88	-0.48	0.68	0.07	0.48	-1.59
50	fg3_m12_iso1_rotated	0	0.98	3	85.46	0.02	0.04	6.99	0.81	0.51	2.81	14.46	0.43	0.48	1239	17.61	0.7	95.85	-0.02	-0.99	55.47	17.6	-0.19	-0.02	0.02	0.19	-3.16
51	fg3_m12_iso1_rotated	0	0.98	4	76.37	0.07	0.05	5.46	0.32	0.08	15.35	24.87	0.3	0.48	764	13.67	-4.77	19.98	0.01	-0.92	49.12	13.6	-0.41	0.96	0.01	0.41	0.38
52	fg3_m12_iso1_rotated	0	0.98	5	79.22	0.08	0.05	5.33	0.34	0.07	12.44	14.35	0.3	0.48	764	13.37	-1.14	20.84	-0.07	-1.0	49.78	12.85	-0.02	0.67	0.07	0.02	1.16
53	fg3_m12_iso1_rotated	0	0.98	6	88.71	0.06	0.05	5.03	0.34	-0.03	17.09	20.78	0.0	0.77	764	14.31	-3.08	21.8	-0.17	-0.82	49.73	13.62	0.05	1.68	0.17	0.05	0.5
54	fg3_m12_iso1_rotated	0	1.96	0	85.97	0.03	0.04	9.24	0.74	0.32	6.29	25.81	0.3	0.48	1256	16.4	-4.46	80.56	-0.02	-1.16	57.17	12.11	0.3	0.86	0.02	0.3	-0.47
55	fg3_m12_iso1_rotated	0	1.96	1	85.81	0.02	0.03	9.67	0.78	0.52	1.3	7.78	1.25	1.37	1245	17.35	-13.21	92.21	0.05	-0.92	58.44	15.12	0.03	0.39	0.05	0.03	-0.8
56	fg3_m12_iso1_rotated	0	1.96	2	89.59	0.02	0.04	10.39	0.78	0.51	2.54	14.91	0.91	0.64	1228	17.71	-3.4	96.38	-0.06	-1.07	59.76	16.62	0.31	-0.51	0.06	0.31	-1.1
57	fg3_m12_iso1_rotated	0	1.96	3	85.42	0.03	0.04	12.58	0.8	0.51	6.38	24.39	0.68	0.48	1618	18.39	-23.13	102.67	0.21	-1.15	55.44	15.02	0.41	0.26	0.21	0.41	0.69
58	fg3_m12_iso1_rotated	0	1.96	4	72.01	0.08	0.05	6.93	0.3	0.18	16.96	30.38	0.0	0.64	764	12.93	-3.21	19.99	-0.06	-0.91	52.44	12.05	-0.25	1.47	0.06	0.25	1.06
59	fg3_m12_iso1_rotated	0	1.96	5	86.21	0.06	0.04	4.86	0.29	0.16	15.49	22.12	0.3	0.21	764	12.83	-2.46	20.65	-0.02	-1.09	51.81	12.92	-0.48	2.24	0.02	0.48	-1.88
60	fg3_m12_iso1_rotated	0	1.96	6	79.42	0.06	0.04	5.0	0.32	0.18	10.59	20.03	0.0	0.88	764	14.22	-3.0	20.92	-0.03	-1.02	51.54	12.53	-0.75	2.8	0.03	0.75	1.05
0	fg3_m12_iso0.5_rotated	0	0.05	0	85.28	0.03	0.08	8.89	0.73	0.3	4.72	13.6	0.3	0.48	764	13.19	-3.25	61.37	-0.01	-1.1	44.88	15.27	0.02	1.14	0.01	0.02	1.7
1	fg3_m12_iso0.5_rotated	0	0.05	1	88.12	0.02	0.07	6.22	0.8	0.56	1.97	6.84	0.3	0.48	748	14.64	-4.3	70.89	-0.03	-0.94	44.74	17.72	-0.31	0.84	0.03	0.31	-0.37
2	fg3_m12_iso0.5_rotated	0	0.05	2	54.0	0.05	0.05	17.45	0.79	0.54	9.7	25.74	0.3	0.48	756	14.39	-4.83	70.45	-0.0	-0.94	45.2	15.11	-0.34	0.46	0.0	0.34	0.04
3	fg3_m12_iso0.5_rotated	0	0.05	3	87.11	0.02	0.06	6.66	0.81	0.54	1.77	7.77	0.43	0.21	1050	15.16	-1.64	81.0	0.01	-1.2	42.28	16.75	-0.39	0.69	0.01	0.39	1.34
4	fg3_m12_iso0.5_rotated	0	0.05	4	81.08	0.11	0.09	6.0	0.33	0.03	22.9	35.47	0.0	0.48	764	12.69	-5.37	17.73	0.11	-0.79	41.34	15.49	-0.16	0.75	0.11	0.16	-0.22
5	fg3_m12_iso0.5_rotated	0	0.05	5	37.36	0.14	0.07	6.87	0.31	0.01	24.41	28.13	0.3	0.48	764	11.47	-1.19	17.57	-0.21	-0.91	41.72	14.48	-0.01	1.62	0.21	0.01	0.4
6	fg3_m12_iso0.5_rotated	0	0.05	6	15.32	0.5	0.08	7.94	0.3	0.03	36.92	49.26	0.68	0.21	764	11.44	-5.13	17.1	0.11	-0.82	40.3	14.91	-0.39	0.86	0.11	0.39	-0.41
7	fg3_m12_iso0.5_rotated	0	0.1	0	84.24	0.03	0.06	9.63	0.72	0.26	7.19	15.95	0.43	0.77	764	12.72	5.23	63.56	-0.1	-1.08	45.29	16.48	-0.21	0.84	0.1	0.21	-3.04
8	fg3_m12_iso0.5_rotated	0	0.1	1	88.23	0.02	0.05	6.03	0.79	0.54	10.78	25.73	0.0	0.48	729	14.0	-7.44	74.39	0.02	-1.01	47.19	14.89	-0.14	0.29	0.02	0.14	1.12
9	fg3_m12_iso0.5_rotated	0	0.1	2	88.28	0.02	0.05	10.06	0.8	0.52	5.55	12.34	0.43	0.48	741	14.3	-12.25	72.56	0.05	-0.97	43.36	17.09	-0.57	0.59	0.05	0.57	0.69
10	fg3_m12_iso0.5_rotated	0	0.1	3	89.21	0.03	0.05	10.02	0.8	0.52	11.83	32.28	0.3	0.21	735	14.43	-20.85	71.92	0.16	-0.94	45.17	15.43	-0.63	0.82	0.16	0.63	0.21
11	fg3_m12_iso0.5_rotated	0	0.1	4	64.69	0.13	0.08	7.4	0.33	0.03	34.35	25.27	0.61	0.48	764	12.03	-3.18	18.52	-0.09	-0.94	40.78	16.29	-0.19	0.56	0.09	0.19	-0.73
12	fg3_m12_iso0.5_rotated	0	0.1	5	3.04	1.04	0.13	7.48	0.38	0.04	40.36	49.04	0.68	0.64	764	12.34	-12.47	16.94	0.39	-0.74	39.93	16.5	-0.09	0.55	0.39	0.09	-1.09
13	fg3_m12_iso0.5_rotated	0	0.1	6	59.61	0.13	0.09	7.14	0.32	0.06	19.46	22.37	0.43	0.88	764	12.59	-4.63	17.27	0.02	-1.01	40.98	16.1	-0.04	0.55	0.02	0.04	-0.52
14	fg3_m12_iso0.5_rotated	0	0.29	0	88.32	0.03	0.07	9.08	0.75	0.26	1.85	6.71	0.68	1.07	764	12.83	-17.36	61.62	0.09	-1.01	41.98	16.57	-0.05	0.54	0.09	0.05	0.32
15	fg3_m12_iso0.5_rotated	0	0.29	1	86.5	0.05	0.07	12.33	0.82	0.53	3.93	13.89	0.3	0.48	743	13.84	-43.47	67.57	0.29	-0.8	41.7	16.96	-0.31	0.36	0.29	0.31	0.34
16	fg3_m12_iso0.5_rotated	0	0.29	2	84.31	0.06	0.08	12.98	0.79	0.52	22.03	34.48	0.96	0.88	727	14.16	15.59	71.38	-0.19	-0.93	44.72	15.73	-0.52	1.0	0.19	0.52	1.3
17	fg3_m12_iso0.5_rotated	0	0.29	3	86.99	0.03	0.06	6.44	0.8	0.51	3.27	9.05	0.0	0.21	741	13.34	-0.49	74.42	-0.04	-1.03	43.73	17.21	-0.26	0.4	0.04	0.26	0.45
18	fg3_m12_iso0.5_rotated	0	0.29	4	77.84	0.09	0.07	5.31	0.37	0.02	33.73	43.61	0.61	0.77	764	12.31	-6.64	18.48	-0.06	-0.74	37.21	17.07	-0.18	0.25	0.06	0.18	-0.99
19	fg3_m12_iso0.5_rotated	0	0.29	5	69.15	0.12	0.11	6.19	0.33	0.08	21.61	25.73	0.3	1.07	764	12.59	-0.98	16.98	-0.08	-0.79	37.21	17.42	-0.13	-0.05	0.08	0.13	-0.83
20	fg3_m12_iso0.5_rotated	0	0.29	6	87.18	0.1	0.09	5.63	0.36	0.03	32.45	48.79	0.43	0.48	764	12.15	-1.26	17.9	-0.23	-0.79	35.52	16.43	-0.21	0.03	0.23	0.21	-0.48
21	fg3_m12_iso0.5_rotated	0	0.49	0	84.7	0.05	0.06	10.79	0.73	0.27	6.25	15.41	0.96	0.48	764	12.96	0.88	61.83	-0.08	-1.18	41.42	15.41	0.05	1.88	0.08	0.05	0.51
22	fg3_m12_iso0.5_rotated	0	0.49	1	84.03	0.06	0.06	13.56	0.79	0.53	3.38	10.22	1.21	0.48	696	13.87	4.93	74.47	-0.08	-1.1	44.39	16.95	-0.35	0.76	0.08	0.35	-2.22
23	fg3_m12_iso0.5_rotated	0	0.49	2	83.75	0.05	0.05	11.39	0.79	0.5	4.76	14.97	0.68	0.88	726	13.82	24.05	70.55	-0.31	-0.87	41.61	15.67	-0.41	0.52	0.31	0.41	0.8
24	fg3_m12_iso0.5_rotated	0	0.49	3	81.0	0.03	0.05	13.11	0.81	0.54	3.59	12.43	0.3	0.64	751	14.02	-11.9	72.93	0.05	-0.95	43.9	15.29	0.01	0.22	0.05	0.01	1.41
25	fg3_m12_iso0.5_rotated	0	0.49	4	81.97	0.11	0.08	6.94	0.35	-0.03	26.53	24.71	0.91	1.44	764	12.06	-3.29	17.73	0.15	-0.8	34.38	16.78	-0.36	-0.24	0.15	0.36	-0.74
26	fg3_m12_iso0.5_rotated	0	0.49	5	25.66	0.17	0.1	6.78	0.32	-0.02	30.26	33.96	1.09	1.07	764	11.89	2.3	16.42	-0.44	-0.65	35.73	16.15	-0.38	0.07	0.44	0.38	-1.77
27	fg3_m12_iso0.5_rotated	0	0.49	6	75.81	0.12	0.12	5.48	0.39	0.02	31.23	34.83	0.86	0.64	764	11.7	-10.0	18.1	0.3	-0.84	35.22	15.75	-0.14	0.36	0.3	0.14	0.34
28	fg3_m12_iso0.5_rotated	0	1.96	0	88.25	0.03	0.06	8.8	0.67	0.14	5.44	11.67	0.43	0.21	750	12.1	-5.2	61.17	0.02	-1.15	47.72	12.05	0.72	0.67	0.02	0.72	1.33
29	fg3_m12_iso0.5_rotated	0	1.96	1	86.58	0.02	0.04	10.49	0.76	0.49	2.57	7.62	0.0	0.48	724	13.86	-4.09	73.48	0.01	-1.06	50.11	14.56	-0.01	1.15	0.01	0.01	-1.68
30	fg3_m12_iso0.5_rotated	0	1.96	2	87.16	0.03	0.06	10.57	0.76	0.55	4.15	10.99	0.3	0.21	696	14.25	-1.57	74.9	-0.0	-1.11	53.54	14.88	0.14	0.32	0.0	0.14	-1.54
31	fg3_m12_iso0.5_rotated	0	1.96	3	87.59	0.02	0.04	9.61	0.72	0.42	3.62	12.98	0.3	0.88	707	11.67	-5.43	73.9	0.0	-1.1	51.94	13.54	-0.13	0.3	0.0	0.13	-1.41
32	fg3_m12_iso0.5_rotated	0	1.96	6	54.43	0.07	0.07	4.82	0.28	-0.25	13.33	13.46	0.0	0.48	368	11.04	-3.68	13.96	0.06	-0.92	42.48	11.1	-0.41	1.63	0.06	0.41	0.87
0	fg3_m12	1	1.66	0	82.1	0.03	0.03	6.22	0.26	0.26	5.87	10.15	0.0	0.48	368	8.07	0.57	57.11	-0.09	-1.18	102.9	30.83	0.53	-0.46	0.09	0.53	1.92
1	fg3_m12	1	1.66	1	89.42	0.04	0.06	11.78	0.57	0.66	9.61	15.55	0.68	1.07	705	13.5	37.17	86.5	0.01	-0.89	94.88	29.39	1.03	0.68	0.01	1.03	0.62
2	fg3_m12	1	1.66	2	53.43	0.03	0.06	19.53	0.53	0.52	9.06	14.42	0.3	0.48	368	10.65	23.28	81.78	-0.01	-1.05	106.7	29.16	0.62	-0.37	0.01	0.62	-0.37
3	fg3_m12	1	1.66	3	56.94	0.03	0.06	11.47	0.54	0.33	3.41	7.73	0.3	0.48	368	9.51	-70.68	78.22	0.08	-1.1	110.67	33.51	0.67	-0.33	0.08	0.67	0.71
4	fg3_m12	1	1.66	5	58.39	0.03	0.03	8.45	0.62	0.69	16.63	27.46	0.0	0.48	674	13.44	8.14	90.33	-0.04	-1.06	92.8	22.74	0.91	0.42	0.04	0.91	-1.34
5	fg3_m12	1	1.76	0	74.29	0.05	0.07	12.32	0.35	0.19	4.93	12.01	0.43	0.48	368	10.22	8.87	60.65	-0.09	-1.14	110.39	30.54	0.4	-0.37	0.09	0.4	2.26
6	fg3_m12	1	1.76	1	88.74	0.03	0.05	11.68	0.67	0.65	16.74	35.51	0.68	0.21	1174	20.59	54.68	114.34	0.11	-1.46	103.19	26.67	0.63	0.34	0.11	0.63	-0.4
7	fg3_m12	1	1.76	2	54.39	0.03	0.04	14.29	0.65	0.39	13.35	33.54	1.36	0.48	1134	17.14	35.88	97.88	-0.12	-1.19	96.0	30.09	1.43	3.24	0.12	1.43	-1.04
8	fg3_m12	1	1.76	3	56.75	0.04	0.1	17.86	0.61	0.46	16.44	22.39	1.92	0.64	746	13.2	-90.96	86.28	0.11	-0.44	128.14	71.97	1.88	3.26	0.11	1.88	-0.66
9	fg3_m12	1	1.76	4	71.67	0.06	0.06	7.1	0.45	0.21	9.4	15.07	1.09	0.21	1233	16.6	45.39	37.91	-0.0	-1.29	77.15	24.41	0.82	0.07	0.0	0.82	0.5
10	fg3_m12	1	1.76	5	28.07	0.22	0.12	31.5	0.58	0.87	88.61	92.29	2.21	0.48	1295	21.64	-8.26	110.77	0.49	-0.89	130.6	56.04	0.92	0.31	0.49	0.92	0.7
11	fg3_m12	1	1.76	6	22.69	0.38	0.19	53.86	0.73	0.4	22.61	46.8	1.63	0.48	1092	15.72	164.57	126.93	-0.69	-0.33	128.8	65.6	1.19	1.06	0.69	1.19	1.8
12	fg3_m12	1	1.81	0	81.06	0.07	0.03	16.42	0.3	0.32	19.09	28.78	0.43	0.48	368	7.54	19.6	70.96	0.31	-0.96	122.65	23.45	0.03	-0.57	0.31	0.03	1.02
13	fg3_m12	1	1.81	1	81.3	0.07	0.09	36.14	0.55	0.69	13.17	23.14	2.21	0.48	1510	23.46	-19.24	115.07	0.12	-1.09	148.91	40.73	0.66	0.11	0.12	0.66	-0.31
14	fg3_m12	1	1.81	2	71.38	0.04	0.05	24.48	0.55	0.34	15.51	26.25	1.09	0.21	1629	19.48	30.76	129.91	0.32	-1.18	136.39	35.78	0.42	0.16	0.32	0.42	-1.9
15	fg3_m12	1	1.81	3	10.06	0.1	0.16	64.78	0.68	0.22	5.77	14.33	0.43	1.07	1088	15.51	47.7	178.29	0.18	-1.19	166.32	56.71	0.35	-0.47	0.18	0.35	0.43
16	fg3_m12	1	1.81	4	0.76	0.46	0.08	16.45	0.3	0.14	46.74	59.95	3.27	0.77	1658	18.79	-31.59	34.52	-0.75	0.58	100.36	45.1	1.09	0.46	0.75	1.09	-1.14
17	fg3_m12	1	1.81	5	10.53	0.23	0.13	26.33	0.69	0.32	22.18	29.96	2.19	0.64	1119	21.28	-130.05	54.5	0.29	-0.82	138.55	34.73	-0.41	-0.31	0.29	0.41	0.91
18	fg3_m12	1	1.81	6	11.4	0.08	0.08	50.54	0.57	0.48	14.32	21.96	1.21	2.11	1068	16.02	32.82	187.17	0.03	-1.2	178.39	58.86	0.74	1.21	0.03	0.74	0.64
19	fg3_m12	1	1.86	0	60.3	0.05	0.02	12.29	0.3	0.24	3.83	4.91	0.43	0.48	368	9.88	-12.37	50.99	0.26	-1.02	125.56	22.51	-0.32	-0.6	0.26	0.32	1.18
20	fg3_m12	1	1.86	1	81.38	0.05	0.05	14.04	0.48	0.53	6.27	10.68	0.43	0.21	1097	15.22	-3.94	79.17	0.14	-1.1	98.27	28.61	0.61	-0.39	0.14	0.61	1.11
21	fg3_m12	1	1.86	2	51.24	0.05	0.07	11.49	0.42	0.34	6.03	7.9	0.61	0.48	762	13.75	5.66	68.03	-0.09	-1.14	103.14	27.89	0.87	0.86	0.09	0.87	-0.36
22	fg3_m12	1	1.86	3	6.51	0.11	0.07	20.15	0.54	0.71	3.43	10.41	0.91	1.07	1987	24.24	27.62	87.19	-0.02	-1.12	115.2	30.36	0.24	0.23	0.02	0.24	-0.15
23	fg3_m12	1	1.86	4	75.29	0.09	0.03	6.84	0.12	0.34	16.99	14.45	0.3	0.48	368	7.05	-0.91	20.39	0.07	-0.87	104.35	17.9	0.18	-0.75	0.07	0.18	1.35
24	fg3_m12	1	1.86	6	10.89	0.08	0.08	15.86	0.52	0.33	8.54	13.15	3.84	0.77	1369	20.26	57.75	113.58	0.49	-0.88	124.89	48.6	1.3	0.91	0.49	1.3	0.66
25	fg3_m12	1	1.91	0	81.12	0.07	0.03	15.17	0.34	0.09	29.78	27.98	0.3	0.77	368	9.68	-18.56	60.18	-0.25	-1.12	137.66	23.65	-0.27	-0.29	0.25	0.27	0.09
26	fg3_m12	1	1.91	2	28.62	0.06	0.05	11.27	0.39	0.39	9.82	17.74	0.3	0.48	704	11.56	-15.12	61.31	-0.29	-1.22	107.32	29.47	0.46	-0.39	0.29	0.46	0.15
27	fg3_m12	1	1.91	3	55.97	0.08	0.08	16.12	0.5	0.55	21.69	30.26	0.3	0.48	726	14.65	3.25	67.94	-0.04	-1.11	113.89	29.04	0.82	0.33	0.04	0.82	0.47
28	fg3_m12	1	1.91	4	52.94	0.11	0.05	8.69	0.13	0.37	23.59	10.99	0.3	0.48	368	8.76	-6.86	21.59	-0.08	-0.54	113.5	23.42	0.36	-0.38	0.08	0.36	-0.07
29	fg3_m12	1	1.91	6	16.68	0.07	0.06	7.49	0.33	0.15	11.44	13.18	0.3	0.48	360	9.91	2.83	39.22	0.17	-1.31	90.48	19.93	0.63	0.45	0.17	0.63	0.28
30	fg3_m12	1	2.0	0	71.81	0.05	0.05	15.11	0.32	0.45	18.78	13.76	0.0	0.48	368	8.15	-14.18	72.55	-0.31	-1.06	139.26	31.98	0.4	-0.33	0.31	0.4	-0.22
31	fg3_m12	1	2.0	1	9.29	0.4	0.17	9.73	0.56	0.79	49.62	37.63	2.86	0.77	908	45.56	84.2	16.89	-0.06	0.89	107.35	39.19	2.62	8.86	0.06	2.62	-0.93
32	fg3_m12	1	2.0	2	34.54	0.08	0.05	19.43	0.41	0.4	21.06	23.04	0.43	0.21	368	10.36	-36.18	68.14	-0.14	-1.13	132.97	27.46	0.28	-0.39	0.14	0.28	-1.1
33	fg3_m12	1	2.0	3	39.09	0.19	0.05	26.25	0.26	0.52	20.19	9.81	0.3	0.77	368	10.34	1.33	49.41	-0.56	-0.46	160.15	34.88	0.16	-0.96	0.56	0.16	1.6
34	fg3_m12	1	2.0	4	18.33	0.62	0.06	8.57	0.13	-0.3	30.3	21.66	0.0	0.48	368	7.82	-15.96	14.03	0.21	0.07	114.88	24.55	0.58	-0.16	0.21	0.58	0.56
35	fg3_m12	1	2.0	5	17.21	0.17	0.07	14.06	0.62	0.88	44.06	26.97	3.35	0.48	886	118.35	-69.21	80.32	0.16	-1.42	132.59	31.1	0.69	0.19	0.16	0.69	0.9
36	fg3_m12	1	2.0	6	2.16	0.11	0.07	18.55	0.66	0.52	12.5	12.91	1.63	0.21	716	16.05	-108.96	43.79	0.23	-0.05	120.08	29.84	0.15	-0.26	0.23	0.15	1.13
37	fg3_m12	1	2.05	0	64.57	0.04	0.05	22.28	0.41	0.51	24.68	29.03	0.61	1.3	762	11.38	-6.32	76.15	0.1	-0.99	155.52	34.18	0.28	-0.76	0.1	0.28	0.07
38	fg3_m12	1	2.05	1	74.57	0.1	0.07	20.13	0.19	0.37	48.13	48.16	0.43	1.07	368	7.78	12.99	62.99	0.05	-0.77	192.66	42.73	0.2	-0.89	0.05	0.2	-0.14
39	fg3_m12	1	2.05	2	26.6	0.09	0.05	23.31	0.29	0.1	25.06	20.72	0.0	0.77	368	7.56	3.08	83.08	-0.66	-0.72	177.79	34.61	-0.05	-0.88	0.66	0.05	0.17
40	fg3_m12	1	2.05	3	6.04	0.08	0.04	22.22	0.31	0.44	3.73	4.21	0.3	0.88	368	9.11	8.78	80.27	0.61	-0.54	184.79	43.02	-0.44	-0.69	0.61	0.44	0.68
41	fg3_m12	1	2.05	4	56.96	0.11	0.07	15.95	0.22	0.35	54.23	28.51	0.3	1.07	368	6.76	0.42	45.41	0.48	-0.71	159.24	36.14	0.01	-0.5	0.48	0.01	0.39
42	fg3_m12	1	2.05	5	53.49	0.14	0.06	39.88	0.42	0.6	27.1	17.49	1.25	1.73	736	11.58	-22.28	88.12	-0.59	-0.47	160.9	30.87	0.45	-0.22	0.59	0.45	-0.08
43	fg3_m12	1	2.05	6	36.49	0.16	0.05	33.25	0.35	0.49	26.02	28.22	0.61	1.07	705	13.47	25.46	87.23	0.6	-0.83	168.21	28.23	0.59	-0.01	0.6	0.59	-0.05
44	fg3_m12	1	2.15	0	63.43	0.06	0.02	17.53	0.3	0.33	28.94	32.37	0.0	0.48	368	9.53	-32.22	64.04	-0.32	-0.38	166.34	21.3	-0.27	0.11	0.32	0.27	0.94
45	fg3_m12	1	2.15	1	6.78	0.54	0.06	11.8	0.09	-0.22	27.06	22.95	0.3	0.64	368	6.75	-21.52	40.53	-0.32	-0.52	156.91	27.29	0.14	-0.3	0.32	0.14	1.1
46	fg3_m12	1	2.15	2	6.7	0.07	0.02	13.13	0.22	0.19	12.43	13.91	0.0	0.48	368	9.08	-2.62	46.83	-0.15	-1.01	154.53	24.47	-0.17	-0.57	0.15	0.17	1.39
47	fg3_m12	1	2.15	3	13.47	0.11	0.07	14.76	0.19	0.41	13.08	11.53	0.61	0.77	368	7.7	-10.12	54.13	-0.18	-1.02	176.92	43.71	1.22	1.12	0.18	1.22	0.56
48	fg3_m12	1	2.15	4	79.87	0.08	0.02	8.78	0.15	0.21	34.86	13.44	0.3	0.77	368	8.02	0.66	31.98	0.1	-0.84	152.52	28.14	0.05	-0.31	0.1	0.05	0.08
49	fg3_m12	1	2.15	5	45.7	0.06	0.02	15.5	0.29	0.51	34.69	41.45	0.0	0.48	761	11.6	10.89	60.64	0.54	-0.11	146.02	26.18	0.09	-0.38	0.54	0.09	-2.0
50	fg3_m12	1	2.15	6	11.01	0.09	0.07	13.25	0.19	0.48	27.66	23.37	0.0	0.48	368	8.11	12.9	57.33	0.02	-0.16	162.27	34.38	0.86	0.55	0.02	0.86	-0.66
51	fg3_m12	1	2.2	1	58.4	0.28	0.05	10.9	0.09	0.17	44.27	36.85	0.43	0.77	368	7.55	-3.43	34.29	-0.03	-0.3	154.14	28.58	0.59	-0.01	0.03	0.59	0.79
52	fg3_m12	1	2.2	2	11.22	0.05	0.03	11.66	0.23	0.18	5.96	5.7	0.3	0.48	368	9.39	9.94	51.26	0.06	-1.21	159.79	25.17	-0.14	-0.4	0.06	0.14	-0.51
53	fg3_m12	1	2.2	3	10.67	0.13	0.06	19.65	0.12	0.39	46.77	32.36	0.0	0.21	368	4.54	-11.83	62.92	-0.34	-0.81	180.78	45.65	0.64	-0.29	0.34	0.64	-0.57
54	fg3_m12	1	2.2	4	59.83	0.12	0.04	10.62	0.14	-0.26	28.89	28.73	0.43	0.48	368	8.83	-8.27	28.42	0.02	-0.83	146.61	28.86	0.32	-0.52	0.02	0.32	-1.86
55	fg3_m12	1	2.2	5	44.19	0.06	0.03	16.29	0.29	0.51	21.93	31.66	0.0	0.48	763	12.25	2.05	57.27	0.41	-0.14	145.12	26.75	0.28	-0.61	0.41	0.28	-0.69
56	fg3_m12	1	2.2	6	29.0	0.1	0.05	13.34	0.18	0.47	22.23	16.9	0.0	0.48	368	8.93	-10.69	54.4	-0.39	-0.1	163.73	35.23	0.76	-0.17	0.39	0.76	0.24
57	fg3_m12	1	2.25	0	71.79	0.08	0.04	15.52	0.27	0.46	51.68	41.34	0.0	0.48	368	11.11	12.23	54.31	0.1	-0.71	163.41	28.75	0.24	-0.49	0.1	0.24	-0.19
58	fg3_m12	1	2.25	1	5.28	0.7	0.05	10.02	0.11	0.3	28.79	13.73	0.0	0.21	368	8.21	7.06	34.76	-0.2	-0.16	157.4	28.71	0.58	0.0	0.2	0.58	-1.41
59	fg3_m12	1	2.25	2	7.83	0.05	0.02	12.76	0.2	0.1	20.05	22.79	0.3	0.48	368	7.87	13.31	53.72	0.05	-0.96	164.68	26.43	0.09	-0.65	0.05	0.09	-0.08
60	fg3_m12	1	2.25	4	65.73	0.09	0.04	7.3	0.13	0.19	41.38	27.2	0.0	0.77	368	9.96	-6.98	24.16	0.01	-0.81	144.21	27.3	0.28	-0.34	0.01	0.28	1.25
61	fg3_m12	1	2.25	5	35.72	0.05	0.02	18.45	0.33	0.54	23.75	37.13	0.3	0.48	762	12.79	-3.37	60.37	0.45	-0.36	148.98	26.33	0.49	-0.55	0.45	0.49	-1.79
62	fg3_m12	1	2.25	6	11.09	0.18	0.06	27.03	0.27	0.55	53.0	59.5	0.3	1.07	760	12.21	-26.26	52.3	0.03	-0.34	149.55	25.54	0.58	-0.22	0.03	0.58	-0.74
63	fg3_m12	1	2.35	0	83.15	0.09	0.04	16.92	0.21	0.5	30.84	26.53	0.0	0.48	368	8.22	-1.17	59.29	0.46	-0.27	165.54	31.03	0.5	-0.47	0.46	0.5	0.33
64	fg3_m12	1	2.35	2	2.86	0.05	0.04	8.5	0.12	0.08	10.13	11.82	0.43	0.48	368	5.93	-6.15	51.99	-0.03	-1.01	165.7	36.93	0.61	-0.33	0.03	0.61	0.44
65	fg3_m12	1	2.35	3	6.84	0.11	0.05	10.39	0.08	0.42	18.16	14.44	0.3	0.48	368	4.96	5.52	58.9	0.24	-0.51	176.0	37.07	0.42	-0.66	0.24	0.42	0.51
66	fg3_m12	1	2.35	4	66.51	0.07	0.03	7.7	0.16	0.22	10.84	9.41	0.3	0.48	368	10.21	-17.04	28.14	-0.02	-0.69	143.32	24.12	0.04	-0.55	0.02	0.04	0.09
67	fg3_m12	1	2.35	5	34.91	0.04	0.03	16.77	0.34	0.5	8.18	18.88	0.3	0.48	763	11.63	-19.25	63.7	0.24	-0.59	144.23	25.21	0.5	-0.38	0.24	0.5	1.34
68	fg3_m12	1	2.35	6	25.77	0.07	0.03	10.34	0.15	0.53	41.5	32.89	0.3	0.48	368	7.61	-9.76	51.13	-0.39	0.23	161.32	24.06	0.07	-0.73	0.39	0.07	1.08
69	fg3_m12	1	2.44	0	71.7	0.06	0.05	10.65	0.23	0.45	17.74	9.35	0.43	0.21	368	8.04	-11.96	64.92	0.13	-0.39	169.85	32.11	0.5	-0.3	0.13	0.5	-0.03
70	fg3_m12	1	2.44	1	14.53	1.83	0.01	4.51	0.67	0.19	31.66	19.57	0.3	0.77	261	5.19	-227.22	12.58	-0.26	0.55	253.73	7.06	-0.24	-0.69	0.26	0.24	1.08
71	fg3_m12	1	2.54	0	76.19	0.06	0.05	14.71	0.18	0.46	32.35	35.53	0.43	0.64	368	6.75	-10.44	63.28	0.18	-0.44	167.96	34.67	0.63	-0.06	0.18	0.63	-0.14
72	fg3_m12	1	2.54	1	26.91	0.15	0.05	12.26	0.04	0.14	32.67	22.9	0.0	0.21	368	4.69	-6.17	43.39	-0.02	-0.64	161.17	38.18	0.68	-0.38	0.02	0.68	-0.8
73	fg3_m12	1	2.54	2	12.57	0.04	0.05	11.16	0.24	0.16	4.36	5.25	0.43	0.21	368	8.83	-15.11	55.65	0.05	-0.96	157.54	26.64	0.31	-0.47	0.05	0.31	-0.4
74	fg3_m12	1	2.54	3	1.79	0.07	0.06	15.55	0.25	0.5	19.68	27.01	0.3	0.21	368	8.81	-5.42	61.2	-0.02	-0.47	168.18	31.76	0.6	-0.48	0.02	0.6	-0.47
75	fg3_m12	1	2.54	4	56.22	0.06	0.02	8.01	0.17	0.15	7.77	8.63	0.3	0.77	368	9.47	-11.64	31.76	0.15	-0.77	145.27	25.49	0.11	-0.45	0.15	0.11	0.88
76	fg3_m12	1	2.54	5	28.98	0.05	0.05	14.4	0.29	0.51	9.7	14.45	0.0	0.48	368	10.69	-9.69	62.77	-0.03	-0.79	165.32	31.52	0.44	-0.42	0.03	0.44	-1.13
77	fg3_m12	1	2.54	6	23.06	0.04	0.02	9.47	0.3	0.51	8.41	13.04	0.3	0.48	764	12.07	6.46	58.84	0.25	-0.39	143.7	18.99	-0.04	-0.45	0.25	0.04	-1.32
78	fg3_m12	1	2.59	0	77.33	0.07	0.06	21.11	0.14	0.5	40.12	28.32	0.43	0.21	368	5.58	-12.88	62.8	0.12	-0.44	171.96	37.72	0.72	-0.44	0.12	0.72	1.93
79	fg3_m12	1	2.59	1	62.32	0.12	0.05	10.75	0.09	0.16	35.63	11.18	0.0	0.48	368	3.81	-20.79	43.47	0.06	-0.75	162.95	38.8	0.67	-0.19	0.06	0.67	0.48
80	fg3_m12	1	2.59	2	1.43	0.05	0.03	11.35	0.26	0.13	3.38	4.75	0.3	0.48	368	9.22	-23.52	51.06	0.02	-0.96	154.24	26.56	0.12	-0.56	0.02	0.12	0.52
81	fg3_m12	1	2.59	3	10.69	0.06	0.05	9.22	0.26	0.45	9.08	11.37	0.43	0.48	368	8.66	-0.51	63.0	-0.04	-0.38	163.49	29.9	0.44	-0.58	0.04	0.44	0.24
82	fg3_m12	1	2.59	4	81.17	0.05	0.04	6.89	0.22	0.13	7.46	6.73	0.43	0.77	368	9.54	-21.95	32.9	0.17	-0.88	144.29	25.15	0.06	-0.54	0.17	0.06	-0.19
83	fg3_m12	1	2.59	5	35.25	0.06	0.03	9.78	0.22	0.45	4.77	6.79	0.3	0.48	368	7.79	-14.6	67.86	-0.03	-0.79	166.77	33.82	0.53	-0.48	0.03	0.53	2.43
84	fg3_m12	1	2.59	6	20.0	0.04	0.02	8.34	0.28	0.5	13.8	20.93	0.43	0.48	761	11.99	12.22	60.83	0.03	-0.17	143.15	18.81	0.08	-0.3	0.03	0.08	-0.23
85	fg3_m12	1	2.69	0	75.07	0.04	0.05	17.23	0.15	0.49	5.53	9.89	0.3	0.21	368	5.75	2.62	66.92	0.03	-0.41	173.99	32.9	0.61	-0.55	0.03	0.61	0.34
86	fg3_m12	1	2.69	1	0.39	0.26	0.06	10.87	0.09	0.21	30.48	40.39	0.0	0.21	368	4.74	-6.8	48.19	0.11	-0.66	161.13	37.12	0.54	-0.47	0.11	0.54	0.89
87	fg3_m12	1	2.69	2	15.54	0.05	0.05	8.89	0.26	0.16	7.13	8.85	0.61	0.88	368	9.73	-10.34	51.34	-0.05	-1.13	153.42	29.18	-0.08	-0.7	0.05	0.08	-0.67
88	fg3_m12	1	2.69	4	48.8	0.07	0.03	7.59	0.2	0.09	5.2	5.24	0.0	0.48	368	9.23	-23.89	33.74	0.16	-1.04	143.11	25.64	0.08	-0.44	0.16	0.08	-0.0
89	fg3_m12	1	2.69	5	17.24	0.07	0.05	19.58	0.14	0.51	26.32	29.01	0.3	0.21	368	6.35	-19.76	67.9	-0.09	-0.57	167.94	35.69	0.52	-0.41	0.09	0.52	1.94
90	fg3_m12	1	2.69	6	20.14	0.05	0.03	12.13	0.32	0.59	11.55	16.11	0.0	0.21	757	14.24	11.96	57.04	-0.08	-0.22	142.64	17.37	0.42	-0.29	0.08	0.42	1.03
91	fg3_m12	1	2.79	0	71.6	0.04	0.03	16.61	0.19	0.44	20.24	15.83	0.3	0.48	368	6.51	-6.97	68.12	0.18	-0.62	170.05	31.01	0.46	-0.53	0.18	0.46	-0.66
92	fg3_m12	1	2.79	1	9.54	0.26	0.05	8.12	0.1	0.22	33.49	18.2	0.0	0.48	368	5.07	-15.41	48.72	0.23	-0.73	162.33	36.23	0.58	-0.53	0.23	0.58	-0.94
93	fg3_m12	1	2.79	2	19.48	0.08	0.05	14.22	0.25	0.21	12.28	12.38	0.68	0.21	368	9.42	-22.6	51.41	0.03	-1.05	152.91	29.19	0.1	-0.71	0.03	0.1	-1.32
94	fg3_m12	1	2.79	3	13.8	0.05	0.04	15.54	0.33	0.47	7.63	12.72	0.43	0.88	762	11.36	20.5	72.28	0.05	-0.47	150.37	24.33	0.94	0.1	0.05	0.94	-0.83
95	fg3_m12	1	2.79	4	48.37	0.07	0.03	8.71	0.18	0.06	16.39	10.68	0.43	0.48	368	9.52	-22.6	32.54	-0.1	-1.12	143.43	25.0	0.42	-0.47	0.1	0.42	-0.83
96	fg3_m12	1	2.79	5	8.24	0.07	0.05	13.66	0.12	0.46	12.13	5.09	0.0	0.48	368	5.99	-28.24	64.95	-0.07	-0.51	169.66	37.55	0.48	-0.63	0.07	0.48	-0.09
97	fg3_m12	1	2.79	6	24.47	0.03	0.03	8.89	0.31	0.57	34.15	31.52	0.43	0.77	752	12.38	7.78	60.45	-0.09	-0.39	147.39	18.17	0.58	-0.35	0.09	0.58	-0.57
98	fg3_m12	1	3.62	0	53.71	0.06	0.04	17.29	0.21	0.5	8.75	7.69	0.3	0.48	368	7.39	-8.14	72.83	-0.04	-0.68	166.44	34.24	0.47	-0.56	0.04	0.47	-2.46
99	fg3_m12	1	3.62	3	4.23	0.06	0.03	10.41	0.35	0.48	8.22	8.68	0.0	0.77	368	10.56	13.78	68.2	-0.15	-0.55	162.7	22.71	0.3	-0.37	0.15	0.3	1.21
100	fg3_m12	1	3.62	5	53.29	0.04	0.03	22.16	0.38	0.45	2.81	4.79	0.0	0.21	368	11.1	-21.95	75.16	0.04	-0.75	161.7	26.93	0.31	-0.94	0.04	0.31	0.54
101	fg3_m12	1	3.62	6	28.67	0.05	0.02	10.21	0.28	0.49	12.42	21.69	0.0	0.77	740	12.34	3.38	57.19	0.09	-0.51	146.63	14.35	0.41	-0.26	0.09	0.41	-0.79
102	fg3_m12	1	4.6	0	72.05	0.04	0.04	16.91	0.32	0.47	24.94	16.38	0.0	0.48	368	9.71	-3.15	71.89	0.02	-0.78	161.87	30.32	0.49	-0.57	0.02	0.49	1.02
103	fg3_m12	1	4.6	2	3.86	0.05	0.05	8.87	0.22	0.1	7.51	8.54	0.3	0.48	368	8.79	-15.29	52.72	0.06	-1.1	157.9	35.11	0.79	-0.06	0.06	0.79	0.6
104	fg3_m12	1	4.6	3	21.22	0.06	0.06	11.52	0.3	0.52	23.1	19.43	0.43	0.77	368	10.12	4.67	66.85	-0.06	-0.46	166.55	28.67	0.82	-0.18	0.06	0.82	0.34
105	fg3_m12	1	4.6	4	54.41	0.09	0.05	8.85	0.14	-0.1	9.98	7.3	0.3	0.48	368	7.66	-15.06	32.48	0.05	-1.08	151.89	37.29	1.03	0.1	0.05	1.03	-1.73
106	fg3_m12	1	4.6	5	24.0	0.04	0.05	22.42	0.27	0.48	6.55	9.31	0.43	0.21	368	8.28	-30.63	69.26	0.09	-0.53	167.58	33.18	0.74	-0.37	0.09	0.74	0.21
107	fg3_m12	1	4.6	6	27.03	0.03	0.04	10.45	0.31	0.52	31.48	28.1	0.0	0.64	711	11.94	0.36	66.24	0.03	-0.28	149.77	16.73	0.49	0.57	0.03	0.49	-0.25
108	fg3_m12	1	5.18	0	59.83	0.05	0.04	13.53	0.25	0.45	31.3	34.39	0.0	0.64	368	8.43	-9.1	72.07	-0.01	-0.79	167.04	33.4	0.8	-0.33	0.01	0.8	-0.04
109	fg3_m12	1	5.18	1	53.09	0.05	0.05	11.99	0.22	0.26	15.48	19.77	0.61	0.21	368	8.06	-8.57	58.62	-0.11	-1.06	160.49	30.86	0.68	-0.38	0.11	0.68	0.43
110	fg3_m12	1	5.18	2	15.01	0.12	0.02	9.54	0.14	0.14	26.41	9.75	0.3	0.21	368	7.22	-16.87	43.36	0.08	-0.83	151.32	24.49	0.33	-0.82	0.08	0.33	-0.53
111	fg3_m12	1	5.18	3	19.89	0.07	0.06	13.66	0.31	0.49	23.24	20.58	0.0	0.48	368	10.97	9.15	62.61	-0.18	-0.2	163.74	23.6	0.78	0.13	0.18	0.78	-0.58
112	fg3_m12	1	5.18	4	17.76	0.08	0.04	7.67	0.16	-0.05	16.02	4.38	0.3	0.48	368	7.66	-19.18	34.48	0.09	-1.01	152.74	36.24	0.88	-0.13	0.09	0.88	0.11
113	fg3_m12	1	5.18	5	62.37	0.05	0.05	20.8	0.3	0.44	10.79	13.27	0.3	0.48	368	8.96	-26.92	68.56	0.04	-0.72	166.94	34.85	0.68	-0.47	0.04	0.68	-1.68
114	fg3_m12	1	5.18	6	23.7	0.03	0.03	8.46	0.28	0.52	32.1	24.63	0.0	0.64	368	10.78	4.18	55.05	0.11	-0.23	160.68	18.33	0.51	-0.5	0.11	0.51	-1.69
115	fg3_m12	1	5.57	0	66.25	0.04	0.03	17.46	0.22	0.49	11.82	11.14	0.3	0.48	368	8.37	-20.18	67.86	0.07	-0.73	163.04	30.84	0.44	-0.81	0.07	0.44	-1.52
116	fg3_m12	1	5.57	1	64.46	0.06	0.04	9.91	0.25	0.24	11.67	14.02	0.3	0.77	368	9.01	-12.78	60.57	-0.06	-1.0	161.79	34.42	0.59	-0.59	0.06	0.59	0.79
117	fg3_m12	1	5.57	2	34.84	0.06	0.08	12.53	0.19	0.13	8.57	6.38	0.3	0.48	368	7.65	-19.31	42.76	0.15	-0.96	157.25	37.14	0.89	-0.22	0.15	0.89	0.8
118	fg3_m12	1	5.57	3	20.35	0.08	0.06	14.53	0.28	0.48	20.12	25.17	0.43	0.48	368	10.31	16.65	60.23	-0.03	-0.22	164.8	25.35	0.86	0.09	0.03	0.86	2.87
119	fg3_m12	1	5.57	6	28.58	0.04	0.03	11.98	0.29	0.51	31.88	29.49	0.3	0.64	368	10.54	4.08	59.7	0.17	-0.25	165.01	24.32	1.03	0.33	0.17	1.03	0.82
120	fg3_m12	1	6.06	0	68.38	0.05	0.04	13.31	0.45	0.4	15.09	27.37	0.68	0.77	1043	28.2	-8.65	87.35	-0.02	-1.39	145.5	23.75	1.72	3.15	0.02	1.72	-1.01
121	fg3_m12	1	6.06	1	62.17	0.03	0.02	10.38	0.41	0.66	4.39	9.91	0.3	0.21	1098	28.74	-17.76	74.31	-0.01	-1.33	137.37	22.98	1.49	1.85	0.01	1.49	0.25
122	fg3_m12	1	6.06	2	16.29	0.06	0.04	12.23	0.19	0.09	5.83	7.59	0.0	0.21	368	7.9	-26.59	44.27	-0.01	-1.0	156.35	30.47	0.74	-0.34	0.01	0.74	-1.07
123	fg3_m12	1	6.06	3	28.87	0.08	0.04	18.83	0.45	0.84	11.84	12.75	0.0	0.77	967	35.77	14.36	88.72	0.01	-1.14	148.61	20.96	1.74	2.83	0.01	1.74	-0.56
124	fg3_m12	1	6.06	5	51.18	0.05	0.06	19.02	0.28	0.48	43.93	61.13	0.0	0.64	368	9.34	-14.2	67.35	-0.07	-0.47	165.1	29.0	0.68	-0.36	0.07	0.68	1.38
125	fg3_m12	1	6.06	6	28.49	0.03	0.03	10.37	0.34	0.5	5.23	9.52	0.3	0.48	692	11.75	9.3	74.28	0.07	-0.46	149.79	18.94	1.13	1.02	0.07	1.13	-0.26
126	fg3_m12	1	0.05	0	47.46	0.03	0.07	7.44	0.56	0.15	1.12	3.53	0.3	0.48	764	14.45	-2.12	51.91	-0.04	-1.11	62.92	19.39	0.09	0.89	0.04	0.09	-0.39
127	fg3_m12	1	0.05	1	64.09	0.05	0.08	13.04	0.86	0.85	2.98	1.7	0.3	0.48	913	23.5	-95.11	109.56	-0.0	-1.42	53.68	18.24	-0.06	1.02	0.0	0.06	0.79
128	fg3_m12	1	0.05	2	59.37	0.04	0.07	11.12	0.86	0.83	6.57	5.85	0.3	0.21	1013	24.42	25.97	109.99	-0.01	-1.38	56.89	19.14	-0.21	0.55	0.01	0.21	-0.71
129	fg3_m12	1	0.05	4	56.77	0.03	0.08	8.98	0.78	0.21	8.47	22.47	0.3	0.48	1256	15.14	-88.53	70.27	-0.04	-1.13	62.27	22.49	0.33	0.77	0.04	0.33	-1.18
130	fg3_m12	1	0.05	5	51.6	0.02	0.06	12.27	0.74	0.41	3.06	7.61	0.43	0.21	1256	16.68	23.5	85.79	-0.03	-1.1	59.57	20.7	0.15	0.22	0.03	0.15	-0.26
131	fg3_m12	1	0.05	6	84.64	0.03	0.07	10.38	0.85	0.85	0.67	2.59	0.61	0.77	985	22.87	55.33	114.45	-0.04	-1.42	53.55	22.83	1.9	15.66	0.04	1.9	-0.87
132	fg3_m12	1	0.1	0	47.36	0.03	0.07	7.8	0.58	0.12	3.84	18.0	0.43	0.21	1256	14.88	3.73	59.6	-0.07	-1.19	58.25	20.57	-0.02	0.45	0.07	0.02	-0.83
133	fg3_m12	1	0.1	1	66.11	0.06	0.09	11.07	0.87	0.85	4.26	2.4	0.0	0.48	895	22.9	-100.57	113.89	0.01	-1.43	54.67	18.17	-0.06	0.53	0.01	0.06	-0.05
134	fg3_m12	1	0.1	2	56.67	0.05	0.09	11.95	0.87	0.83	2.52	2.74	0.0	0.21	985	23.8	27.91	116.16	-0.02	-1.38	56.85	18.08	-0.16	0.6	0.02	0.16	-0.31
135	fg3_m12	1	0.1	3	80.36	0.03	0.07	8.93	0.78	0.29	6.02	15.85	0.3	0.48	1256	16.25	76.61	81.55	-0.04	-1.14	60.42	22.45	0.2	0.78	0.04	0.2	-0.79
136	fg3_m12	1	0.1	4	55.22	0.03	0.1	8.7	0.79	0.21	1.78	6.94	1.36	0.77	1256	15.24	-94.92	71.85	0.01	-1.2	61.6	24.92	0.15	0.32	0.01	0.15	0.14
137	fg3_m12	1	0.1	5	53.06	0.02	0.06	12.53	0.76	0.4	2.71	7.04	0.0	0.21	1256	16.85	22.72	88.78	-0.02	-1.1	58.71	22.09	0.22	0.11	0.02	0.22	-0.87
138	fg3_m12	1	0.1	6	85.25	0.04	0.08	11.27	0.86	0.84	4.5	9.44	0.43	1.07	970	22.09	59.01	119.23	-0.01	-1.42	54.52	18.59	-0.14	0.78	0.01	0.14	1.01
139	fg3_m12	1	0.2	0	49.18	0.03	0.08	6.08	0.58	0.15	3.11	8.78	0.68	0.64	764	13.87	-3.87	54.31	0.01	-1.19	61.47	19.95	0.02	0.5	0.01	0.02	-1.3
140	fg3_m12	1	0.2	1	74.79	0.05	0.09	19.09	0.87	0.85	5.05	2.69	0.3	0.48	872	23.39	-113.93	114.37	0.07	-1.31	53.77	20.84	0.19	1.23	0.07	0.19	1.3
141	fg3_m12	1	0.2	2	60.89	0.05	0.07	11.18	0.87	0.82	3.89	4.0	0.3	0.21	999	23.98	23.95	115.66	-0.01	-1.37	57.49	16.57	-0.11	0.94	0.01	0.11	1.2
142	fg3_m12	1	0.2	3	77.8	0.04	0.09	14.73	0.8	0.31	4.9	11.26	1.55	0.48	1256	15.54	95.36	79.64	-0.05	-1.14	60.54	25.4	0.54	1.48	0.05	0.54	-1.19
143	fg3_m12	1	0.2	4	55.77	0.03	0.09	8.6	0.83	0.23	2.61	8.62	0.91	0.64	764	14.14	-105.87	63.75	-0.05	-1.18	65.23	24.56	-0.13	0.09	0.05	0.13	0.19
144	fg3_m12	1	0.2	5	53.34	0.03	0.07	11.97	0.76	0.42	1.67	8.3	0.68	0.48	1256	17.25	25.56	86.41	-0.06	-1.14	56.63	22.34	0.1	0.04	0.06	0.1	-0.53
145	fg3_m12	1	0.2	6	84.0	0.04	0.08	11.81	0.86	0.86	1.04	1.92	0.68	0.77	964	22.79	76.12	119.1	-0.06	-1.39	53.94	19.49	-0.35	0.94	0.06	0.35	2.12
146	fg3_m12	1	0.29	0	50.99	0.03	0.08	7.43	0.58	0.11	3.18	12.61	0.61	0.21	764	14.52	1.94	53.49	-0.06	-1.2	60.45	20.67	-0.01	0.57	0.06	0.01	-1.82
147	fg3_m12	1	0.29	1	65.8	0.05	0.08	11.65	0.87	0.84	4.89	4.82	0.68	0.77	879	22.59	-132.11	120.31	-0.12	-0.0	59.66	48.51	6.11	46.17	0.12	6.11	-1.15
148	fg3_m12	1	0.29	2	58.84	0.04	0.08	12.91	0.86	0.81	4.11	3.91	0.3	0.21	1054	23.65	13.32	117.53	-0.0	-1.36	56.72	19.2	0.15	0.37	0.0	0.15	-1.57
149	fg3_m12	1	0.29	3	77.33	0.03	0.09	10.03	0.86	0.29	8.95	14.91	1.52	0.48	1256	16.45	125.7	79.38	-0.04	-1.15	62.54	26.74	0.24	0.39	0.04	0.24	-0.86
150	fg3_m12	1	0.29	4	57.39	0.04	0.1	8.33	0.86	0.18	2.54	7.2	1.25	0.88	764	14.66	-123.39	62.26	-0.03	-1.14	67.77	24.25	0.04	0.19	0.03	0.04	-0.42
151	fg3_m12	1	0.29	5	51.23	0.03	0.07	12.29	0.75	0.41	4.19	13.52	0.61	0.21	1256	16.19	13.78	89.29	-0.04	-1.09	57.56	23.19	-0.23	0.07	0.04	0.23	0.0
152	fg3_m12	1	0.39	0	63.33	0.03	0.07	7.39	0.57	0.37	3.03	8.65	0.3	0.21	1256	15.57	-1.55	58.27	0.0	-1.19	60.74	22.09	0.21	0.64	0.0	0.21	0.23
153	fg3_m12	1	0.39	1	63.82	0.05	0.08	17.05	0.91	0.49	3.28	6.49	1.52	0.21	1378	20.31	233.33	109.57	-0.12	-1.29	89.15	52.74	1.62	3.43	0.12	1.62	1.02
154	fg3_m12	1	0.39	2	71.97	0.04	0.08	15.82	0.79	0.67	3.59	9.8	0.61	2.16	1577	22.49	-52.3	126.12	0.32	-0.78	65.3	24.06	0.41	0.57	0.32	0.41	0.88
155	fg3_m12	1	0.39	3	75.86	0.03	0.1	8.94	0.93	0.41	24.83	54.21	1.92	0.21	1858	20.17	189.92	76.41	0.06	-1.02	64.22	34.13	0.79	0.31	0.06	0.79	-0.6
156	fg3_m12	1	0.39	4	58.55	0.03	0.1	10.05	0.81	0.21	3.22	9.76	0.68	0.48	1876	20.42	-106.5	82.07	0.05	-1.37	64.29	25.76	0.42	0.15	0.05	0.42	-1.04
157	fg3_m12	1	0.39	5	45.96	0.03	0.07	12.25	0.8	0.32	13.49	39.53	1.21	0.77	2449	21.42	-48.63	121.28	-0.1	-1.35	61.38	23.42	0.31	0.31	0.1	0.31	-1.62
158	fg3_m12	1	0.59	0	57.72	0.04	0.07	10.97	0.34	0.37	3.35	3.98	0.3	0.64	368	11.13	-3.32	55.79	0.0	-1.17	89.36	22.22	0.3	-0.38	0.0	0.3	0.29
159	fg3_m12	1	0.59	1	76.79	0.06	0.09	14.57	0.66	0.78	38.24	32.15	0.61	1.07	507	14.2	-23.96	94.76	-0.09	-1.3	95.66	26.97	-0.01	-0.41	0.09	0.01	-0.52
160	fg3_m12	1	0.59	2	63.68	0.04	0.07	14.09	0.71	0.59	11.09	17.8	0.61	0.48	746	14.26	-52.6	89.9	0.11	-0.96	87.51	24.59	0.15	-0.57	0.11	0.15	-0.31
161	fg3_m12	1	0.59	3	72.39	0.05	0.06	13.4	0.65	0.51	3.92	11.38	0.43	0.48	749	13.69	61.48	81.29	-0.09	-1.17	81.06	30.11	0.44	-0.59	0.09	0.44	-0.95
162	fg3_m12	1	0.59	4	89.63	0.07	0.06	12.83	0.42	0.28	36.26	36.42	0.43	1.16	368	11.01	-19.11	61.28	-0.15	-1.19	90.72	23.87	0.45	-0.07	0.15	0.45	0.23
163	fg3_m12	1	0.59	5	44.39	0.05	0.05	19.29	0.59	0.43	7.27	11.38	0.43	0.48	764	11.59	-58.4	83.43	0.33	-0.77	90.26	26.64	0.06	-0.68	0.33	0.06	1.06
164	fg3_m12	1	0.59	6	83.75	0.04	0.07	13.24	0.75	0.88	4.13	12.92	1.25	0.48	1069	21.28	34.02	105.93	0.13	-1.04	74.59	30.68	0.24	-0.33	0.13	0.24	1.32
165	fg3_m12	1	0.78	0	72.35	0.07	0.1	10.53	0.25	-0.18	10.91	16.46	0.0	0.48	368	7.93	10.31	50.7	-0.18	-1.17	98.22	30.16	0.95	0.2	0.18	0.95	1.0
166	fg3_m12	1	0.78	1	77.07	0.03	0.03	11.27	0.61	0.66	7.81	7.63	0.3	1.07	629	13.89	-12.96	83.43	-0.11	-1.09	86.5	21.83	0.42	-0.38	0.11	0.42	1.19
167	fg3_m12	1	0.78	2	58.42	0.03	0.05	20.42	0.49	0.67	7.27	7.34	0.3	0.21	368	9.12	-18.97	81.54	-0.06	-0.98	105.16	21.21	0.32	-0.39	0.06	0.32	-0.08
168	fg3_m12	1	0.78	3	67.4	0.04	0.05	11.85	0.38	0.39	6.34	9.83	0.3	0.48	368	8.8	26.72	73.68	-0.11	-1.14	107.48	31.03	0.88	0.34	0.11	0.88	0.32
169	fg3_m12	1	0.78	5	58.58	0.03	0.06	15.55	0.54	0.58	4.09	12.68	0.68	0.48	756	11.55	-26.99	85.24	0.06	-1.02	94.94	26.01	0.44	0.14	0.06	0.44	0.47
170	fg3_m12	1	0.78	6	71.15	0.02	0.04	8.33	0.63	0.7	4.76	6.73	0.3	0.48	617	12.88	13.32	86.93	-0.1	-1.22	91.92	18.52	0.31	-0.36	0.1	0.31	0.24
171	fg3_m12	1	0.98	0	74.56	0.04	0.05	7.69	0.26	0.29	6.65	5.59	0.43	0.64	368	8.04	-3.21	51.17	-0.01	-1.19	93.82	26.55	0.61	-0.05	0.01	0.61	-0.08
172	fg3_m12	1	0.98	1	85.46	0.03	0.05	10.46	0.68	0.71	15.98	42.93	0.3	0.48	870	16.31	-5.38	94.17	0.02	-1.23	83.99	20.94	0.46	1.17	0.02	0.46	0.48
173	fg3_m12	1	0.98	2	56.76	0.03	0.05	14.97	0.57	0.5	3.38	9.32	0.3	0.48	751	12.27	-13.54	87.33	0.06	-1.05	88.64	24.69	0.75	0.36	0.06	0.75	1.1
174	fg3_m12	1	0.98	3	67.46	0.03	0.08	13.9	0.37	0.33	2.44	4.09	0.3	0.48	368	8.49	12.91	75.94	-0.05	-1.08	104.87	26.53	0.75	0.08	0.05	0.75	-0.52
175	fg3_m12	1	0.98	4	74.67	0.04	0.04	5.76	0.23	0.24	16.89	15.87	0.0	0.48	368	8.09	-8.18	43.41	0.04	-1.09	92.95	24.18	0.47	-0.22	0.04	0.47	0.74
176	fg3_m12	1	0.98	5	57.98	0.03	0.07	9.12	0.54	0.6	17.7	29.56	0.0	0.21	742	12.6	-16.72	82.35	0.09	-0.93	90.73	23.69	0.85	0.42	0.09	0.85	-0.91
177	fg3_m12	1	0.98	6	70.1	0.02	0.03	9.61	0.67	0.68	2.97	5.23	0.43	0.64	872	15.19	7.08	93.51	-0.13	-1.27	81.81	21.04	0.42	0.01	0.13	0.42	0.52
178	fg3_m12	1	1.17	1	83.16	0.03	0.06	9.63	0.58	0.65	13.1	5.72	0.3	0.48	636	12.73	-0.72	89.58	0.04	-1.0	94.8	24.68	0.62	0.71	0.04	0.62	1.37
179	fg3_m12	1	1.17	2	53.33	0.03	0.05	14.97	0.5	0.57	3.17	9.14	0.3	0.21	761	11.51	-11.17	86.51	0.03	-1.01	91.78	25.91	1.13	1.07	0.03	1.13	-0.49
180	fg3_m12	1	1.17	4	74.62	0.03	0.05	5.34	0.09	0.07	10.83	6.81	0.3	0.21	368	4.81	-2.0	39.59	-0.02	-1.05	95.86	24.33	0.33	-0.67	0.02	0.33	0.22
181	fg3_m12	1	1.17	5	59.71	0.04	0.07	15.66	0.54	0.58	23.26	37.39	0.43	0.77	730	12.94	0.98	83.43	-0.09	-0.99	91.12	25.43	0.92	0.62	0.09	0.92	1.29
182	fg3_m12	1	1.17	6	64.36	0.03	0.05	11.41	0.66	0.75	7.31	12.96	0.0	0.48	786	15.55	-6.07	97.77	0.07	-1.28	88.2	21.17	0.94	0.73	0.07	0.94	1.16
183	fg3_m12	1	1.37	0	81.75	0.03	0.05	9.98	0.1	0.32	29.91	22.41	0.3	0.48	368	4.21	6.05	53.87	-0.03	-1.16	103.29	32.18	0.71	-0.37	0.03	0.71	1.08
184	fg3_m12	1	1.37	1	82.87	0.03	0.05	7.71	0.6	0.7	5.11	9.54	0.0	0.48	657	13.85	2.01	90.81	-0.14	-1.0	97.0	26.29	1.02	0.95	0.14	1.02	-0.27
185	fg3_m12	1	1.37	2	54.22	0.03	0.04	7.14	0.5	0.38	2.47	3.85	0.3	0.48	368	10.56	5.99	81.14	0.09	-1.02	104.91	26.42	0.52	-0.19	0.09	0.52	0.16
186	fg3_m12	1	1.37	3	59.71	0.03	0.08	11.41	0.37	0.36	2.77	5.39	0.3	0.48	368	9.41	-19.3	70.55	-0.07	-1.02	106.96	30.31	0.52	-0.52	0.07	0.52	-1.07
187	fg3_m12	1	1.37	4	68.49	0.05	0.05	5.49	0.14	0.26	18.64	5.82	0.0	0.48	368	6.39	8.56	39.0	-0.16	-1.03	95.7	25.65	0.3	-0.79	0.16	0.3	-1.32
188	fg3_m12	1	1.37	5	53.41	0.03	0.08	19.08	0.5	0.6	10.44	14.19	0.61	0.77	368	10.76	13.32	78.51	-0.03	-0.96	107.26	28.16	0.69	0.01	0.03	0.69	0.22
189	fg3_m12	1	1.37	6	67.21	0.03	0.05	9.88	0.68	0.74	3.33	4.52	0.3	0.64	803	16.42	-15.21	98.13	-0.09	-1.27	88.8	18.22	0.92	0.58	0.09	0.92	1.11
190	fg3_m12	1	1.56	0	81.47	0.03	0.05	11.0	0.24	-0.19	11.73	16.03	0.3	0.48	368	7.71	2.35	56.37	0.02	-1.18	101.52	29.3	0.55	-0.48	0.02	0.55	0.2
191	fg3_m12	1	1.56	1	89.96	0.03	0.06	11.23	0.55	0.66	8.86	6.14	0.3	0.48	659	12.39	26.7	89.53	0.05	-1.01	94.96	27.81	0.91	0.74	0.05	0.91	-0.04
192	fg3_m12	1	1.56	2	54.14	0.02	0.05	11.39	0.51	0.49	9.9	22.23	0.3	0.77	761	11.53	12.41	84.9	-0.08	-1.12	87.43	29.11	1.23	1.25	0.08	1.23	-0.74
193	fg3_m12	1	1.56	3	59.26	0.04	0.07	10.77	0.44	0.4	2.8	4.28	0.0	0.48	368	10.56	-33.83	72.15	-0.06	-1.12	110.11	35.72	0.84	-0.1	0.06	0.84	-1.18
194	fg3_m12	1	1.56	4	74.2	0.05	0.05	6.85	0.16	-0.1	33.35	43.4	0.0	0.21	368	5.26	18.52	34.73	-0.11	-0.96	90.94	19.84	0.15	-0.87	0.11	0.15	-0.81
195	fg3_m12	1	1.56	5	53.01	0.02	0.03	6.92	0.61	0.66	15.06	23.18	0.3	0.48	700	13.61	6.03	84.26	-0.04	-1.0	90.78	22.42	1.04	0.87	0.04	1.04	1.97
196	fg3_m12	1	1.56	6	64.82	0.02	0.04	10.36	0.68	0.76	2.96	4.3	0.43	0.64	791	16.41	-49.23	96.79	0.04	-1.32	88.97	21.35	0.8	0.23	0.04	0.8	1.36
