Counter	Image	class label	Myr	Viewpoint	Delta PA	v_asym	s_asym	resids	lambda_r	epsilon	A	A_2	deltapos	deltapos2	nspax	re	meanvel	varvel	skewvel	kurtvel	meansig	varsig	skewsig	kurtsig	abskewvel	abskewsig	random
0	fg3_m10_iso1_rotated	0	0.05	0	88.28	0.02	0.05	11.18	0.67	0.3	4.13	9.95	0.43	0.48	764	13.83	-4.73	84.91	0.01	-1.19	73.76	22.58	0.05	0.34	0.01	0.05	0.84
1	fg3_m10_iso1_rotated	0	0.05	1	88.2	0.02	0.05	11.25	0.77	0.51	3.6	20.75	0.3	0.64	1252	17.3	-0.34	99.96	-0.06	-0.98	63.48	25.31	0.4	-0.3	0.06	0.4	0.67
2	fg3_m10_iso1_rotated	0	0.05	2	88.12	0.03	0.05	11.33	0.78	0.51	3.22	20.72	0.3	0.48	1253	17.71	-2.1	99.2	-0.04	-0.98	61.83	25.66	0.47	-0.42	0.04	0.47	-0.12
3	fg3_m10_iso1_rotated	0	0.05	3	88.33	0.02	0.04	11.0	0.77	0.53	6.96	20.38	0.0	0.48	1250	17.37	-0.25	100.74	-0.04	-0.99	62.87	24.69	0.48	-0.36	0.04	0.48	-0.61
4	fg3_m10_iso1_rotated	0	0.05	4	83.59	0.08	0.05	7.89	0.25	0.05	42.45	50.34	0.43	0.88	764	12.47	-5.55	23.79	-0.04	-0.84	69.95	21.09	-0.18	0.13	0.04	0.18	0.41
5	fg3_m10_iso1_rotated	0	0.05	5	87.14	0.08	0.05	7.92	0.27	0.08	18.01	27.37	0.0	0.48	764	12.72	-5.05	24.95	0.03	-0.91	68.38	20.89	-0.17	0.35	0.03	0.17	0.15
6	fg3_m10_iso1_rotated	0	0.05	6	62.43	0.1	0.08	9.2	0.25	0.05	33.5	30.31	0.43	0.64	764	12.54	-2.9	24.33	-0.07	-0.86	69.61	20.56	-0.1	0.12	0.07	0.1	0.5
7	fg3_m10_iso1_rotated	0	0.29	0	84.7	0.04	0.06	10.95	0.71	0.29	13.17	50.37	0.3	0.77	1256	15.13	6.47	88.56	-0.13	-1.24	62.98	21.57	0.64	0.79	0.13	0.64	-2.02
8	fg3_m10_iso1_rotated	0	0.29	1	86.08	0.03	0.06	12.2	0.78	0.51	9.45	22.27	0.0	0.21	1249	16.59	-0.48	101.82	-0.06	-1.01	63.59	22.94	0.5	0.48	0.06	0.5	0.49
9	fg3_m10_iso1_rotated	0	0.29	2	80.24	0.04	0.07	22.79	0.78	0.5	1.78	7.86	0.3	0.21	1236	16.54	-7.0	102.58	0.03	-1.04	62.21	23.84	0.56	0.05	0.03	0.56	0.39
10	fg3_m10_iso1_rotated	0	0.29	3	84.14	0.04	0.05	18.26	0.78	0.51	3.39	14.92	0.0	0.48	1222	16.23	4.17	102.06	-0.05	-1.02	60.74	24.26	0.49	-0.15	0.05	0.49	1.99
11	fg3_m10_iso1_rotated	0	0.29	6	73.54	0.07	0.06	6.95	0.29	0.02	15.48	15.96	0.0	0.48	764	12.68	-1.66	24.52	-0.07	-1.08	61.42	19.68	-0.34	0.55	0.07	0.34	0.35
12	fg3_m10_iso1_rotated	0	0.59	0	88.84	0.03	0.05	11.24	0.7	0.31	5.37	15.34	0.0	1.07	764	13.92	-0.64	87.8	-0.06	-1.22	70.83	20.96	0.31	0.52	0.06	0.31	1.44
13	fg3_m10_iso1_rotated	0	0.59	1	88.04	0.02	0.05	10.64	0.79	0.52	2.25	9.86	0.0	0.48	1236	16.65	-5.48	102.83	0.0	-1.06	61.9	23.68	0.49	0.16	0.0	0.49	-0.15
14	fg3_m10_iso1_rotated	0	0.59	2	86.08	0.02	0.04	11.05	0.78	0.5	11.74	29.16	0.3	0.48	1214	16.18	1.73	105.28	-0.06	-1.06	63.65	23.99	0.17	0.24	0.06	0.17	0.19
15	fg3_m10_iso1_rotated	0	0.59	3	83.97	0.05	0.07	23.07	0.78	0.5	6.15	19.41	0.43	1.16	1211	16.73	-0.26	103.23	-0.03	-1.05	62.02	24.01	0.51	-0.18	0.03	0.51	-0.83
16	fg3_m10_iso1_rotated	0	0.59	4	88.03	0.09	0.05	6.87	0.29	-0.02	7.24	10.75	0.0	0.48	764	12.61	-2.38	23.44	-0.09	-1.01	60.25	18.85	-0.29	0.31	0.09	0.29	-0.02
17	fg3_m10_iso1_rotated	0	0.59	5	83.17	0.07	0.05	6.69	0.3	-0.03	17.77	32.64	0.0	0.48	764	12.62	-2.38	24.42	0.02	-1.03	60.02	18.91	-0.33	0.37	0.02	0.33	0.39
18	fg3_m10_iso1_rotated	0	0.59	6	88.86	0.07	0.04	6.5	0.31	0.07	15.59	20.93	0.3	0.77	764	12.77	-3.08	25.19	0.01	-1.06	60.53	19.68	-0.2	0.47	0.01	0.2	1.11
19	fg3_m10_iso1_rotated	0	0.88	0	89.31	0.02	0.05	11.55	0.71	0.37	4.4	13.09	0.3	0.88	764	13.91	-5.88	87.63	0.02	-1.19	69.15	21.26	0.2	0.84	0.02	0.2	0.94
20	fg3_m10_iso1_rotated	0	0.88	1	88.73	0.02	0.05	11.12	0.78	0.5	3.32	14.04	0.3	0.21	1179	16.18	-1.83	105.09	-0.01	-1.1	62.77	23.57	0.34	0.1	0.01	0.34	0.7
21	fg3_m10_iso1_rotated	0	0.88	2	89.21	0.02	0.04	6.57	0.78	0.5	2.53	13.76	0.3	0.21	1207	15.82	-5.76	105.3	0.03	-1.09	62.45	22.91	0.65	0.24	0.03	0.65	1.22
22	fg3_m10_iso1_rotated	0	0.88	3	77.88	0.05	0.07	18.82	0.78	0.5	9.15	27.94	0.43	0.77	1192	16.68	-1.24	105.5	0.02	-1.1	63.22	23.56	0.36	0.23	0.02	0.36	1.12
23	fg3_m10_iso1_rotated	0	0.88	4	87.39	0.06	0.05	5.98	0.29	0.03	16.59	26.33	0.43	0.48	764	12.28	-3.35	23.26	-0.02	-1.07	61.0	17.35	-0.35	0.26	0.02	0.35	1.03
24	fg3_m10_iso1_rotated	0	0.88	5	82.4	0.06	0.05	6.36	0.29	0.02	26.17	37.76	0.43	0.88	764	12.25	-3.32	24.59	-0.05	-1.12	60.59	17.67	-0.25	0.84	0.05	0.25	0.57
25	fg3_m10_iso1_rotated	0	0.88	6	86.96	0.08	0.05	6.4	0.31	0.03	28.46	41.37	0.0	0.48	764	12.45	-0.65	25.36	-0.11	-1.12	59.19	17.74	-0.42	0.85	0.11	0.42	1.27
26	fg3_m10_iso1_rotated	0	0.98	0	88.62	0.02	0.04	11.33	0.73	0.26	4.29	12.6	0.43	0.48	764	14.59	-4.52	87.78	-0.0	-1.21	70.1	20.22	0.3	0.52	0.0	0.3	-0.05
27	fg3_m10_iso1_rotated	0	0.98	1	89.18	0.03	0.05	11.29	0.78	0.49	12.09	31.27	0.43	0.48	1205	15.91	1.6	105.65	-0.08	-1.08	63.66	22.14	0.46	0.55	0.08	0.46	-0.33
28	fg3_m10_iso1_rotated	0	0.98	2	86.09	0.02	0.04	10.56	0.79	0.52	2.47	10.29	0.43	0.48	1214	16.69	-6.33	103.42	0.01	-1.04	63.18	23.37	0.32	0.41	0.01	0.32	0.4
29	fg3_m10_iso1_rotated	0	0.98	4	89.42	0.06	0.04	6.13	0.3	-0.05	17.75	19.61	0.0	0.48	764	12.56	-6.15	23.2	-0.04	-1.02	59.77	17.54	-0.23	1.11	0.04	0.23	-0.33
30	fg3_m10_iso1_rotated	0	0.98	5	87.22	0.07	0.05	6.05	0.31	0.09	15.97	22.51	0.3	0.88	764	12.83	-5.46	23.51	-0.06	-1.13	59.68	17.51	-0.12	0.4	0.06	0.12	0.37
31	fg3_m10_iso1_rotated	0	0.98	6	75.01	0.06	0.07	9.05	0.32	0.07	4.05	7.08	0.43	1.16	764	12.44	-8.48	25.51	0.16	-1.08	60.63	17.23	-0.36	0.58	0.16	0.36	0.16
32	fg3_m10_iso1_rotated	0	1.17	0	87.78	0.02	0.04	10.44	0.73	0.36	2.32	9.35	0.3	0.48	764	14.4	-7.69	86.17	0.01	-1.21	67.61	20.67	0.38	0.83	0.01	0.38	0.11
33	fg3_m10_iso1_rotated	0	1.17	1	89.46	0.04	0.06	15.7	0.78	0.52	10.32	15.57	0.61	0.64	1156	16.28	-10.33	104.49	0.04	-1.13	64.28	21.79	0.65	0.32	0.04	0.65	-0.88
34	fg3_m10_iso1_rotated	0	1.17	2	89.21	0.02	0.05	10.82	0.79	0.51	4.32	20.06	0.0	0.21	1195	16.8	0.16	105.33	-0.05	-1.09	63.81	22.82	0.62	0.0	0.05	0.62	-0.69
35	fg3_m10_iso1_rotated	0	1.17	3	87.63	0.02	0.03	7.22	0.78	0.52	10.52	22.97	0.0	0.48	1184	15.99	1.84	105.9	-0.06	-1.09	63.34	22.29	0.62	0.26	0.06	0.62	-0.72
36	fg3_m10_iso1_rotated	0	1.17	4	78.28	0.08	0.06	7.11	0.3	0.09	25.23	28.65	0.0	0.48	764	12.96	-3.6	23.03	-0.09	-1.04	59.35	16.96	-0.29	0.69	0.09	0.29	-0.18
37	fg3_m10_iso1_rotated	0	1.17	5	87.57	0.06	0.04	5.68	0.31	0.05	17.11	25.73	0.0	0.48	764	13.22	-3.44	23.92	0.03	-1.15	59.97	16.61	-0.21	0.48	0.03	0.21	0.68
38	fg3_m10_iso1_rotated	0	1.17	6	83.64	0.06	0.04	5.74	0.32	-0.02	13.12	18.76	0.0	0.77	764	12.94	-2.45	25.4	-0.01	-1.2	59.19	17.51	-0.42	0.65	0.01	0.42	-1.98
39	fg3_m10_iso1_rotated	0	1.47	0	87.53	0.03	0.04	9.82	0.74	0.34	7.59	34.51	0.3	0.77	1256	15.98	-1.47	90.88	-0.02	-1.23	62.07	19.91	0.8	0.76	0.02	0.8	-1.35
40	fg3_m10_iso1_rotated	0	1.47	1	88.14	0.02	0.04	7.74	0.79	0.51	6.3	22.1	0.3	0.21	1219	17.02	-2.33	103.51	-0.04	-1.04	62.62	22.55	0.53	0.08	0.04	0.53	-0.72
41	fg3_m10_iso1_rotated	0	1.47	2	88.92	0.03	0.04	11.1	0.78	0.51	4.01	16.24	0.3	0.48	1187	16.34	-2.4	105.41	-0.01	-1.07	63.62	22.0	0.68	0.14	0.01	0.68	1.52
42	fg3_m10_iso1_rotated	0	1.47	4	84.08	0.08	0.05	6.71	0.3	0.12	16.57	23.08	0.3	0.21	764	13.29	-5.12	21.79	0.1	-0.95	59.88	17.88	-0.37	0.57	0.1	0.37	-0.92
43	fg3_m10_iso1_rotated	0	1.47	5	79.59	0.06	0.04	6.02	0.33	0.08	18.24	30.81	0.0	0.77	764	13.2	-5.07	24.93	0.06	-1.2	59.78	17.82	-0.17	0.43	0.06	0.17	1.48
44	fg3_m10_iso1_rotated	0	1.47	6	86.13	0.07	0.05	6.5	0.32	0.04	19.7	23.36	0.3	1.07	764	13.06	-2.92	25.25	-0.07	-1.14	60.22	17.29	-0.15	0.54	0.07	0.15	-1.28
45	fg3_m10_iso1_rotated	0	1.76	0	88.63	0.03	0.04	10.58	0.7	0.31	6.83	22.51	0.3	0.48	764	14.35	-0.62	87.2	-0.07	-1.23	71.15	20.39	0.42	0.43	0.07	0.42	-0.33
46	fg3_m10_iso1_rotated	0	1.76	1	87.49	0.02	0.05	10.81	0.78	0.48	3.61	15.99	0.43	0.48	1200	17.18	-0.82	103.83	-0.04	-1.09	64.52	21.9	0.71	0.58	0.04	0.71	-0.4
47	fg3_m10_iso1_rotated	0	1.76	2	88.66	0.02	0.04	11.15	0.77	0.52	2.99	11.06	0.3	0.48	1158	15.61	-4.88	106.57	-0.02	-1.16	65.77	21.49	0.7	0.1	0.02	0.7	1.29
48	fg3_m10_iso1_rotated	0	1.76	3	87.84	0.02	0.04	10.62	0.79	0.53	2.89	15.07	0.0	0.48	1145	17.28	0.71	105.83	-0.03	-1.09	65.63	21.33	0.6	0.5	0.03	0.6	-0.63
49	fg3_m10_iso1_rotated	0	1.76	4	78.26	0.07	0.06	5.97	0.28	0.18	15.17	26.34	0.0	0.48	764	14.11	-3.37	22.42	-0.07	-1.19	62.46	16.25	0.12	0.52	0.07	0.12	0.97
50	fg3_m10_iso1_rotated	0	1.76	5	78.77	0.07	0.04	5.73	0.31	0.16	14.71	21.07	0.0	0.64	764	11.78	-5.96	24.5	0.1	-1.16	61.79	16.05	0.18	0.24	0.1	0.18	1.9
51	fg3_m10_iso1_rotated	0	1.76	6	84.6	0.07	0.05	6.33	0.32	0.22	17.87	23.94	0.3	0.77	764	14.24	-2.69	24.56	-0.05	-1.0	62.01	16.08	0.18	0.28	0.05	0.18	-0.13
52	fg3_m10_iso1_rotated	0	1.96	0	89.17	0.02	0.04	10.38	0.71	0.3	3.3	10.03	0.43	0.48	764	14.55	-7.56	86.24	0.01	-1.19	69.84	21.01	0.33	0.35	0.01	0.33	-1.47
53	fg3_m10_iso1_rotated	0	1.96	1	85.01	0.02	0.04	12.4	0.78	0.52	3.87	12.5	0.43	0.64	1176	16.93	-3.97	104.67	-0.05	-1.09	66.48	19.79	0.95	0.78	0.05	0.95	-0.54
54	fg3_m10_iso1_rotated	0	1.96	2	89.08	0.02	0.04	6.87	0.77	0.52	2.47	10.75	0.3	0.48	1153	16.28	-1.25	106.2	-0.06	-1.14	67.07	20.52	0.83	0.57	0.06	0.83	-1.76
55	fg3_m10_iso1_rotated	0	1.96	3	85.31	0.02	0.03	7.2	0.78	0.55	3.11	9.43	0.3	0.21	1166	16.38	-1.52	105.74	0.01	-1.12	65.76	20.69	0.6	0.49	0.01	0.6	-0.14
56	fg3_m10_iso1_rotated	0	1.96	4	69.51	0.08	0.06	7.07	0.28	0.04	11.01	10.66	0.0	0.48	764	12.96	-5.03	22.28	0.02	-1.08	63.67	16.2	0.27	0.12	0.02	0.27	0.87
57	fg3_m10_iso1_rotated	0	1.96	5	85.63	0.06	0.05	6.03	0.3	0.06	24.02	29.44	0.0	0.77	764	13.26	-5.7	23.98	-0.02	-1.14	62.12	16.2	0.39	0.26	0.02	0.39	-1.53
58	fg3_m10_iso1_rotated	0	1.96	6	80.13	0.06	0.05	6.33	0.31	0.04	10.55	19.81	0.3	0.48	764	13.15	-3.48	24.42	-0.02	-1.18	62.64	15.58	0.2	0.48	0.02	0.2	-1.47
0	fg3_m10	1	0.05	0	47.36	0.03	0.06	8.54	0.55	0.12	1.25	4.45	0.0	0.48	764	12.57	-1.15	64.04	-0.03	-1.26	73.55	22.44	0.22	0.22	0.03	0.22	0.96
1	fg3_m10	1	0.05	1	65.78	0.06	0.06	11.19	0.84	0.83	19.95	15.97	0.3	0.48	866	22.18	-24.79	118.28	-0.01	-1.5	63.22	18.06	-0.49	0.29	0.01	0.49	0.56
2	fg3_m10	1	0.05	2	58.61	0.02	0.04	11.78	0.84	0.82	10.4	10.62	0.3	0.21	943	22.61	4.06	119.31	-0.01	-1.44	65.43	18.93	-0.09	-0.24	0.01	0.09	-0.86
3	fg3_m10	1	0.05	3	83.62	0.02	0.05	7.62	0.66	0.3	7.15	15.57	0.3	0.48	764	13.19	20.64	83.86	-0.04	-1.19	75.78	22.16	0.29	0.4	0.04	0.29	-0.35
4	fg3_m10	1	0.05	4	56.5	0.03	0.05	9.74	0.64	0.22	1.2	3.66	0.0	0.48	764	13.41	-21.48	76.0	-0.05	-1.24	73.9	22.36	-0.02	0.36	0.05	0.02	0.09
5	fg3_m10	1	0.05	5	53.46	0.02	0.04	7.92	0.72	0.42	8.97	20.61	0.3	0.48	1256	15.31	1.31	96.17	-0.03	-1.14	65.22	24.69	0.47	-0.05	0.03	0.47	0.75
6	fg3_m10	1	0.05	6	84.16	0.03	0.05	8.8	0.83	0.83	7.42	6.46	0.3	0.77	923	21.4	13.23	123.21	-0.03	-1.51	65.51	18.86	-0.39	0.25	0.03	0.39	0.54
7	fg3_m10	1	0.39	0	47.54	0.04	0.07	8.16	0.59	0.16	1.82	7.28	0.3	0.64	764	12.99	-2.97	64.06	-0.05	-1.28	68.46	22.4	-0.1	0.15	0.05	0.1	0.03
8	fg3_m10	1	0.39	1	66.67	0.04	0.07	12.76	0.84	0.83	4.59	4.62	0.43	0.77	823	21.49	-39.82	123.1	-0.02	-1.45	66.44	19.09	-0.31	0.29	0.02	0.31	1.19
9	fg3_m10	1	0.39	2	59.52	0.04	0.05	10.74	0.84	0.8	4.9	6.07	0.3	0.48	798	21.31	-10.52	116.64	0.03	-1.39	69.23	16.66	-0.13	-0.06	0.03	0.13	0.35
10	fg3_m10	1	0.39	3	81.16	0.03	0.05	11.25	0.72	0.27	5.61	13.26	0.61	0.48	764	13.99	47.98	85.45	0.0	-1.23	71.75	24.29	0.14	0.38	0.0	0.14	-0.79
11	fg3_m10	1	0.39	4	56.81	0.02	0.07	9.24	0.67	0.23	2.98	9.09	0.61	0.64	764	13.22	-36.4	76.53	-0.08	-1.3	69.12	23.59	0.08	0.19	0.08	0.08	0.81
12	fg3_m10	1	0.39	5	52.33	0.02	0.05	7.27	0.74	0.44	2.22	11.28	0.3	0.48	1254	14.8	-6.59	98.3	-0.02	-1.18	64.33	22.77	0.7	0.53	0.02	0.7	1.18
13	fg3_m10	1	0.39	6	87.19	0.03	0.04	10.14	0.83	0.83	3.42	6.99	0.3	0.48	761	20.92	36.28	115.55	-0.02	-1.4	67.9	18.03	0.03	0.77	0.02	0.03	1.15
14	fg3_m10	1	0.59	0	50.18	0.04	0.05	8.58	0.64	0.44	2.42	10.66	0.3	0.64	1234	17.1	-3.98	66.03	-0.07	-1.32	62.82	19.16	0.38	0.3	0.07	0.38	1.09
15	fg3_m10	1	0.59	1	75.59	0.03	0.04	12.59	0.82	0.84	22.23	4.69	1.36	1.56	853	23.72	-18.08	120.24	0.11	-1.41	77.74	18.69	0.02	0.17	0.11	0.02	1.04
16	fg3_m10	1	0.59	2	58.66	0.04	0.05	18.83	0.79	0.77	5.77	7.57	0.61	0.88	673	16.69	-23.4	120.78	-0.13	-1.19	85.39	20.85	1.22	6.39	0.13	1.22	0.9
17	fg3_m10	1	0.59	3	73.38	0.04	0.05	11.53	0.75	0.09	3.26	7.68	0.0	0.88	1230	17.25	39.62	95.57	0.03	-1.22	71.28	21.28	0.63	-0.05	0.03	0.63	-1.57
18	fg3_m10	1	0.59	4	56.37	0.04	0.05	9.29	0.66	0.52	3.57	10.52	0.0	0.48	1197	15.05	-0.33	80.52	-0.04	-1.36	66.63	20.59	0.25	1.27	0.04	0.25	0.03
19	fg3_m10	1	0.59	5	53.31	0.03	0.07	15.65	0.74	0.56	11.01	26.51	0.0	0.21	1062	14.75	-30.34	113.74	-0.1	-1.27	78.37	20.53	0.5	0.19	0.1	0.5	-0.24
20	fg3_m10	1	0.59	6	82.34	0.03	0.04	14.0	0.81	0.69	12.52	13.56	0.0	1.3	903	18.68	22.26	122.35	-0.02	-1.16	73.85	18.93	0.25	0.28	0.02	0.25	-0.22
21	fg3_m10	1	0.98	0	56.25	0.03	0.03	8.1	0.59	0.17	5.9	21.05	0.0	0.21	764	14.51	-4.97	62.17	0.06	-1.31	69.71	18.35	0.04	0.7	0.06	0.04	1.11
22	fg3_m10	1	0.98	2	59.42	0.05	0.06	16.41	0.8	0.77	21.11	23.91	0.43	0.48	828	18.24	-6.59	122.58	-0.03	-1.41	76.76	18.53	0.0	-0.08	0.03	0.0	0.48
23	fg3_m10	1	0.98	3	75.53	0.02	0.04	9.22	0.67	0.28	4.3	6.48	0.43	0.21	764	12.92	8.0	89.71	-0.03	-1.23	77.64	21.2	0.3	0.09	0.03	0.3	-0.08
24	fg3_m10	1	0.98	4	62.29	0.02	0.04	8.1	0.65	0.21	4.03	15.7	0.0	0.64	1256	15.37	-5.25	74.35	-0.0	-1.31	62.68	19.45	0.43	0.71	0.0	0.43	1.07
25	fg3_m10	1	0.98	5	54.06	0.02	0.05	8.11	0.75	0.45	2.98	12.88	0.43	0.77	1221	15.82	-5.66	102.18	-0.1	-1.16	67.97	21.85	0.55	0.19	0.1	0.55	1.01
26	fg3_m10	1	0.98	6	82.63	0.02	0.03	11.74	0.81	0.78	3.35	5.12	0.61	0.48	772	19.94	-10.29	119.36	0.07	-1.39	76.28	18.06	-0.46	1.03	0.07	0.46	-0.18
27	fg3_m10	1	1.96	0	53.07	0.03	0.04	6.44	0.58	0.06	8.54	23.87	0.0	0.48	764	11.92	-3.82	66.25	-0.01	-1.36	70.6	18.76	0.09	0.49	0.01	0.09	-0.32
28	fg3_m10	1	1.96	1	76.21	0.05	0.06	14.16	0.8	0.8	4.68	4.6	0.0	0.48	745	19.03	-4.22	121.84	-0.0	-1.45	76.9	17.41	-0.09	-0.4	0.0	0.09	-1.6
29	fg3_m10	1	1.96	2	59.55	0.04	0.04	14.48	0.82	0.77	17.64	22.43	0.61	0.21	825	20.34	3.19	119.12	-0.09	-1.41	75.6	19.52	0.25	-0.36	0.09	0.25	0.04
30	fg3_m10	1	1.96	3	75.54	0.03	0.05	11.28	0.66	0.27	3.51	5.8	0.0	0.77	764	12.46	0.28	89.3	-0.03	-1.23	76.3	20.43	0.64	0.42	0.03	0.64	-1.14
31	fg3_m10	1	1.96	4	60.18	0.05	0.06	10.12	0.6	0.26	8.05	24.96	0.68	1.37	764	13.06	-9.64	68.26	-0.0	-1.27	70.9	18.94	0.52	0.07	0.0	0.52	-0.46
32	fg3_m10	1	1.96	5	52.58	0.03	0.05	14.83	0.75	0.53	6.74	27.26	0.3	0.88	1201	15.72	-9.35	100.66	0.08	-1.16	67.67	20.92	1.04	0.91	0.08	1.04	0.01
33	fg3_m10	1	1.96	6	74.11	0.06	0.06	14.05	0.8	0.82	8.81	7.18	0.0	0.48	682	18.78	-1.45	121.17	-0.01	-1.47	77.44	17.1	-0.14	0.42	0.01	0.14	0.65
34	fg3_m10	1	2.93	0	57.07	0.04	0.04	7.54	0.58	0.2	2.56	8.97	0.3	0.48	764	13.15	-0.54	64.22	-0.11	-1.31	71.47	17.47	0.94	0.34	0.11	0.94	1.27
35	fg3_m10	1	2.93	1	75.59	0.04	0.05	12.07	0.8	0.78	7.66	7.78	0.3	0.48	718	18.68	-6.5	122.31	-0.03	-1.46	77.7	16.71	0.36	-0.37	0.03	0.36	-1.01
36	fg3_m10	1	2.93	2	58.98	0.03	0.04	9.02	0.8	0.74	16.74	17.99	0.0	0.48	825	19.19	-7.76	120.75	0.06	-1.4	76.71	17.88	0.55	0.12	0.06	0.55	-2.71
37	fg3_m10	1	2.93	3	75.57	0.02	0.03	6.59	0.65	0.34	6.58	11.66	0.0	0.48	764	12.04	-1.36	87.45	-0.02	-1.23	76.36	19.5	0.87	0.46	0.02	0.87	1.47
38	fg3_m10	1	2.93	4	57.95	0.03	0.04	8.4	0.6	0.15	1.95	6.07	0.0	0.48	764	13.75	-3.89	67.51	-0.04	-1.27	72.22	17.45	0.96	0.73	0.04	0.96	-1.61
39	fg3_m10	1	2.93	5	53.13	0.02	0.04	7.85	0.73	0.46	2.42	7.53	0.3	0.77	1192	15.07	-0.87	100.76	-0.07	-1.18	70.69	20.23	1.14	1.34	0.07	1.14	1.08
40	fg3_m10	1	2.93	6	81.14	0.04	0.04	13.38	0.8	0.82	4.87	5.49	0.0	0.77	639	19.71	2.91	120.8	-0.07	-1.48	79.97	18.55	-0.18	-0.46	0.07	0.18	-0.93
41	fg3_m10	1	3.91	0	58.69	0.03	0.04	7.3	0.55	0.05	1.76	5.37	0.0	0.77	764	12.83	-2.35	62.25	-0.07	-1.26	73.61	16.32	1.1	0.88	0.07	1.1	-0.13
42	fg3_m10	1	3.91	1	75.83	0.04	0.05	11.46	0.78	0.8	2.97	1.6	0.0	0.21	571	17.94	-1.11	113.11	-0.05	-1.38	85.79	14.44	0.51	-0.03	0.05	0.51	-1.68
43	fg3_m10	1	3.91	2	58.2	0.03	0.04	14.22	0.79	0.76	3.88	4.94	0.0	0.64	660	17.92	-5.09	111.59	0.04	-1.38	79.82	19.5	0.5	-0.38	0.04	0.5	0.5
44	fg3_m10	1	3.91	3	74.63	0.03	0.05	10.25	0.64	0.33	1.99	3.03	0.43	0.64	764	12.38	-3.61	85.75	-0.04	-1.27	77.18	19.64	0.91	0.48	0.04	0.91	-0.33
45	fg3_m10	1	3.91	4	61.87	0.03	0.03	5.68	0.56	0.23	5.13	16.17	0.3	0.48	764	13.28	-4.16	63.7	-0.02	-1.28	75.85	17.52	1.2	0.84	0.02	1.2	2.16
46	fg3_m10	1	3.91	5	53.28	0.02	0.03	7.84	0.71	0.51	3.5	13.37	0.0	0.48	1145	15.25	-2.89	100.96	0.04	-1.26	74.29	18.71	1.42	2.11	0.04	1.42	-0.08
47	fg3_m10	1	3.91	6	78.16	0.06	0.07	12.29	0.77	0.8	2.06	3.79	0.0	0.48	528	17.63	-6.3	111.8	-0.0	-1.4	84.28	13.91	0.35	-0.43	0.0	0.35	-1.34
48	fg3_m10	1	4.01	0	56.99	0.03	0.03	7.38	0.49	-0.25	5.01	6.18	0.3	0.21	368	11.29	-1.54	56.62	-0.04	-1.19	85.52	17.11	0.58	-0.31	0.04	0.58	0.78
49	fg3_m10	1	4.01	1	75.68	0.02	0.03	10.73	0.77	0.8	5.95	5.04	0.3	0.48	583	17.71	-4.23	112.54	-0.0	-1.39	84.3	15.48	0.26	-0.59	0.0	0.26	0.68
50	fg3_m10	1	4.01	2	59.66	0.02	0.03	13.03	0.78	0.77	3.73	4.83	0.43	0.21	655	17.51	5.07	111.04	0.01	-1.38	81.6	16.69	0.8	-0.0	0.01	0.8	-0.88
51	fg3_m10	1	4.01	3	76.11	0.03	0.05	10.31	0.64	0.33	2.33	4.32	0.3	0.48	764	13.29	-10.05	83.39	-0.05	-1.22	77.9	19.4	1.09	0.61	0.05	1.09	1.18
52	fg3_m10	1	4.01	4	61.99	0.03	0.03	7.82	0.55	0.09	1.06	3.27	0.0	0.64	764	12.36	-6.99	66.3	0.01	-1.3	75.54	17.73	1.04	0.5	0.01	1.04	0.52
53	fg3_m10	1	4.01	5	52.08	0.02	0.03	6.63	0.65	0.46	4.08	14.52	0.3	0.48	763	11.43	-2.24	92.81	0.03	-1.11	78.63	20.98	0.87	0.46	0.03	0.87	-0.8
54	fg3_m10	1	4.01	6	79.5	0.03	0.04	10.86	0.78	0.81	15.05	3.18	0.0	0.48	530	17.84	-11.71	110.71	-0.02	-1.45	84.75	13.97	0.26	-0.12	0.02	0.26	1.1
55	fg3_m10	1	4.11	0	59.31	0.04	0.04	8.04	0.5	-0.19	3.08	7.93	0.3	0.48	764	11.37	6.48	63.51	-0.09	-1.36	75.48	17.2	1.2	0.89	0.09	1.2	1.16
56	fg3_m10	1	4.11	1	77.82	0.02	0.05	11.12	0.78	0.85	17.57	4.21	0.3	0.48	583	18.0	-22.55	115.21	-0.06	-1.38	85.49	16.77	0.29	-0.56	0.06	0.29	-0.18
57	fg3_m10	1	4.11	2	59.25	0.02	0.04	13.01	0.78	0.78	3.02	4.2	0.68	0.21	804	18.08	13.42	136.19	-0.31	-0.86	87.53	28.92	2.36	6.61	0.31	2.36	-0.89
58	fg3_m10	1	4.11	3	74.73	0.04	0.05	22.14	0.67	0.41	17.85	28.39	0.68	0.88	1177	14.97	-3.06	111.79	0.51	-0.61	85.55	26.75	0.58	-0.56	0.51	0.58	-0.31
59	fg3_m10	1	4.11	4	65.32	0.03	0.06	7.67	0.58	0.13	4.68	10.83	0.3	0.21	764	13.52	-30.27	60.12	-0.06	-1.28	73.87	18.02	0.95	0.39	0.06	0.95	2.16
60	fg3_m10	1	4.11	5	52.39	0.03	0.04	8.58	0.73	0.52	4.88	20.3	0.0	0.48	1099	15.72	15.12	104.37	-0.02	-1.31	76.1	17.63	1.58	2.35	0.02	1.58	-1.61
61	fg3_m10	1	4.11	6	77.75	0.03	0.04	11.5	0.81	0.89	7.11	3.51	0.96	0.48	776	20.91	30.68	151.77	0.08	-1.11	90.66	17.92	0.29	-0.67	0.08	0.29	-0.9
62	fg3_m10	1	5.85	0	74.57	0.03	0.02	5.92	0.45	0.22	4.98	6.55	0.0	0.48	759	12.88	-0.87	52.42	0.01	-1.36	80.49	15.0	1.43	1.74	0.01	1.43	1.6
63	fg3_m10	1	5.85	1	82.9	0.02	0.04	10.27	0.69	0.79	4.78	5.48	0.3	0.21	436	13.51	-12.48	98.82	0.06	-1.35	92.74	13.33	0.5	-0.07	0.06	0.5	0.35
64	fg3_m10	1	5.85	2	63.35	0.02	0.03	8.53	0.69	0.57	14.49	14.07	0.3	0.77	797	15.07	-10.15	109.82	0.09	-1.34	87.53	16.12	1.14	1.38	0.09	1.14	0.85
65	fg3_m10	1	5.85	3	70.38	0.03	0.04	10.89	0.59	0.42	2.27	4.11	0.3	0.77	698	12.27	-2.36	86.53	-0.02	-1.32	87.01	17.99	1.32	1.35	0.02	1.32	-0.83
66	fg3_m10	1	5.85	4	72.27	0.04	0.03	8.57	0.46	0.15	5.19	7.23	0.3	0.48	764	11.52	-4.73	56.8	-0.06	-1.34	82.03	14.83	1.43	1.68	0.06	1.43	-2.43
67	fg3_m10	1	5.85	5	58.02	0.03	0.03	9.98	0.63	0.49	6.26	12.35	0.0	0.48	701	12.54	-17.33	95.53	0.08	-1.16	89.54	16.97	1.46	1.68	0.08	1.46	1.03
68	fg3_m10	1	5.85	6	75.42	0.03	0.04	10.54	0.81	0.72	1.8	1.05	0.3	0.21	846	23.82	-4.71	128.93	0.03	-1.53	82.84	16.12	1.29	1.42	0.03	1.29	-0.94
69	fg3_m10	1	6.24	0	71.08	0.04	0.04	7.71	0.38	0.09	7.02	8.41	0.0	0.48	368	10.3	-6.51	44.53	0.06	-1.33	92.8	13.14	1.41	1.44	0.06	1.41	-0.31
70	fg3_m10	1	6.24	1	84.88	0.02	0.04	11.12	0.82	0.77	2.52	5.09	0.0	0.48	722	37.17	1.39	131.59	0.01	-1.56	86.2	13.59	0.71	0.1	0.01	0.71	-0.09
71	fg3_m10	1	6.24	2	61.33	0.03	0.03	17.15	0.59	0.64	6.82	6.01	0.3	0.48	366	10.71	-12.56	78.48	0.01	-1.04	97.87	16.71	0.83	0.22	0.01	0.83	0.88
72	fg3_m10	1	6.24	3	72.03	0.02	0.03	11.42	0.56	0.45	1.75	3.05	0.0	0.88	714	11.47	-1.23	86.5	0.06	-1.32	87.75	18.16	1.4	1.35	0.06	1.4	-0.12
73	fg3_m10	1	6.24	4	75.09	0.04	0.04	7.5	0.41	0.12	3.67	4.34	0.3	0.48	368	10.18	-11.9	51.04	0.04	-1.27	94.9	15.42	0.91	0.13	0.04	0.91	1.12
74	fg3_m10	1	6.24	5	59.02	0.02	0.03	10.03	0.62	0.49	0.97	2.06	0.3	0.21	688	12.45	-16.55	92.63	0.06	-1.26	89.93	17.23	1.48	1.71	0.06	1.48	0.22
75	fg3_m10	1	6.24	6	76.26	0.03	0.03	7.28	0.66	0.73	7.96	7.03	0.3	0.48	500	13.09	-0.53	99.3	-0.01	-1.34	94.29	14.43	0.89	0.62	0.01	0.89	-1.42
76	fg3_m10	1	6.83	0	73.72	0.05	0.04	7.65	0.36	0.05	2.92	3.17	0.0	0.48	368	11.27	-5.1	42.62	0.05	-1.29	94.05	14.5	1.16	0.3	0.05	1.16	-0.58
77	fg3_m10	1	6.83	1	84.13	0.02	0.03	12.42	0.75	0.1	1.96	3.87	0.0	0.48	620	18.88	-8.26	122.73	0.01	-1.53	90.14	10.94	1.11	1.28	0.01	1.11	-0.47
78	fg3_m10	1	6.83	2	62.67	0.03	0.04	15.82	0.61	0.63	5.69	8.38	0.43	0.64	583	11.95	-9.72	95.85	0.07	-1.35	92.65	15.08	1.45	1.72	0.07	1.45	-1.22
79	fg3_m10	1	6.83	3	72.45	0.03	0.04	11.49	0.6	0.37	13.43	28.8	0.0	0.48	731	13.03	-3.15	85.9	-0.05	-1.24	89.61	16.52	1.29	2.01	0.05	1.29	0.48
80	fg3_m10	1	6.83	4	76.88	0.03	0.03	7.86	0.45	0.17	10.6	23.6	0.43	0.48	749	12.27	-6.93	55.91	0.04	-1.33	85.14	14.93	1.48	1.72	0.04	1.48	-0.4
81	fg3_m10	1	6.83	5	61.3	0.03	0.04	17.36	0.53	0.57	5.49	4.24	0.0	0.48	365	9.53	-13.15	78.64	0.03	-1.11	100.31	17.01	1.0	0.29	0.03	1.0	1.34
82	fg3_m10	1	6.83	6	74.17	0.02	0.03	10.48	0.79	0.86	3.69	3.24	0.68	0.48	882	120.48	-1.25	125.4	-0.05	-1.48	88.5	12.57	1.69	2.62	0.05	1.69	-1.04
83	fg3_m10	1	7.8	0	77.24	0.04	0.03	6.0	0.38	0.1	11.55	15.66	0.0	0.48	751	12.21	-9.32	43.56	0.01	-1.35	80.76	14.32	1.36	1.12	0.01	1.36	0.29
84	fg3_m10	1	7.8	2	65.86	0.03	0.04	14.6	0.7	0.58	15.27	18.7	0.0	0.48	766	16.27	-12.67	109.96	0.06	-1.44	89.97	17.03	1.48	1.63	0.06	1.48	1.21
85	fg3_m10	1	7.8	3	73.8	0.02	0.03	11.97	0.59	0.5	3.01	5.99	0.43	0.64	712	12.25	0.67	88.39	0.03	-1.25	90.03	16.51	1.41	1.55	0.03	1.41	-0.44
86	fg3_m10	1	7.8	4	82.67	0.04	0.04	9.51	0.43	0.14	8.37	10.78	0.0	0.48	368	11.16	-7.97	53.41	-0.05	-1.19	94.57	15.75	1.02	0.38	0.05	1.02	-0.57
87	fg3_m10	1	7.8	5	64.39	0.03	0.02	9.01	0.62	0.5	3.28	5.58	0.0	0.77	689	13.36	-8.62	93.18	-0.01	-1.26	93.17	15.45	1.66	2.16	0.01	1.66	-1.43
88	fg3_m10	1	7.8	6	75.73	0.02	0.03	11.47	0.65	0.68	16.91	16.53	0.0	0.64	559	13.07	2.66	97.75	0.01	-1.28	93.25	15.81	1.17	0.96	0.01	1.17	-0.63
89	fg3_m10	1	8.19	0	69.69	0.07	0.03	7.2	0.33	-0.25	1.87	2.45	0.0	0.48	368	10.74	-7.99	39.05	-0.03	-1.26	93.57	13.72	1.07	0.32	0.03	1.07	-1.47
90	fg3_m10	1	8.19	1	85.81	0.03	0.03	11.74	0.8	-3.69	0.5	1.23	0.3	0.21	630	28.68	9.6	127.5	0.06	-1.54	91.78	13.42	0.5	-0.37	0.06	0.5	0.24
91	fg3_m10	1	8.19	2	66.04	0.03	0.04	17.18	0.58	0.62	2.11	3.03	0.3	0.21	354	10.21	-19.37	79.99	-0.04	-1.1	101.87	15.53	0.92	0.1	0.04	0.92	0.35
92	fg3_m10	1	8.19	3	77.33	0.03	0.03	9.25	0.59	0.48	5.02	6.71	0.3	0.21	716	12.46	4.01	89.66	-0.04	-1.19	91.21	16.72	1.2	1.65	0.04	1.2	0.98
93	fg3_m10	1	8.19	4	73.96	0.04	0.04	10.24	0.42	0.03	5.38	9.35	0.0	0.48	368	9.77	-6.64	56.89	0.03	-1.29	97.94	15.17	0.79	-0.2	0.03	0.79	0.69
94	fg3_m10	1	8.19	5	62.52	0.02	0.02	5.67	0.52	0.49	1.51	2.88	0.43	0.77	368	9.21	-25.29	76.43	0.02	-1.1	103.89	15.59	0.78	-0.32	0.02	0.78	0.65
95	fg3_m10	1	8.19	6	77.27	0.03	0.04	12.98	0.67	0.69	8.61	9.65	0.3	0.64	548	13.64	2.04	101.33	-0.12	-1.28	98.08	16.59	0.75	0.1	0.12	0.75	0.55
96	fg3_m10	1	8.78	1	82.76	0.03	0.03	9.9	0.8	0.69	1.53	1.43	0.3	0.64	619	48.74	-13.75	118.38	-0.01	-1.54	89.22	12.9	0.7	-0.52	0.01	0.7	0.95
97	fg3_m10	1	8.78	2	61.52	0.03	0.04	19.52	0.77	0.75	1.23	1.09	0.43	0.64	977	64.11	-17.62	119.34	0.19	-1.49	90.32	14.85	1.16	1.67	0.19	1.16	-1.39
98	fg3_m10	1	8.78	3	75.85	0.03	0.04	12.37	0.59	0.38	10.08	16.16	0.0	0.48	719	12.94	-9.59	88.65	-0.02	-1.22	95.07	14.94	1.26	1.56	0.02	1.26	2.14
99	fg3_m10	1	8.78	4	76.95	0.04	0.03	7.94	0.43	0.06	6.6	17.32	0.3	0.77	731	11.6	-11.74	57.25	0.17	-1.33	86.74	15.26	1.32	1.42	0.17	1.32	0.04
100	fg3_m10	1	8.78	5	68.38	0.02	0.03	10.31	0.74	0.9	5.69	3.28	0.43	0.48	1019	147.52	-13.98	111.21	0.1	-1.49	88.07	16.17	0.99	1.4	0.1	0.99	-1.2
101	fg3_m10	1	8.78	6	76.7	0.02	0.03	14.83	0.77	0.88	6.22	5.63	0.68	0.48	889	155.14	7.93	121.33	-0.14	-1.45	92.85	14.09	1.21	1.79	0.14	1.21	-1.8
102	fg3_m10	1	9.17	0	75.19	0.05	0.02	5.17	0.37	0.5	9.65	16.12	0.43	0.77	807	27.24	-6.99	38.91	0.08	-1.32	83.12	13.81	1.51	1.4	0.08	1.51	0.09
103	fg3_m10	1	9.17	1	72.09	0.05	0.04	15.99	0.72	0.79	0.52	1.23	0.0	0.21	573	19.48	-6.36	111.44	0.1	-1.52	93.31	10.47	1.0	0.35	0.1	1.0	-0.82
104	fg3_m10	1	9.17	2	66.84	0.03	0.03	7.68	0.56	0.62	4.5	5.19	0.0	0.21	359	11.08	-13.23	77.65	-0.02	-1.13	104.11	14.8	0.87	0.34	0.02	0.87	0.64
105	fg3_m10	1	9.17	3	74.42	0.03	0.03	11.8	0.56	0.46	2.71	4.76	0.0	0.77	656	11.92	3.58	87.39	-0.05	-1.35	95.17	14.69	1.43	1.59	0.05	1.43	2.3
106	fg3_m10	1	9.17	5	65.9	0.02	0.04	17.07	0.54	0.52	5.5	5.8	0.0	0.21	368	10.81	-14.88	76.96	0.01	-1.11	105.61	15.11	0.9	-0.02	0.01	0.9	0.18
107	fg3_m10	1	9.56	1	86.75	0.03	0.04	12.33	0.77	0.6	2.76	4.24	0.3	0.77	590	27.51	-11.34	115.3	-0.05	-1.53	92.08	11.75	0.47	0.11	0.05	0.47	0.81
108	fg3_m10	1	9.56	2	65.94	0.03	0.03	14.62	0.75	0.96	1.33	0.79	0.43	0.48	860	564.03	-12.64	117.71	0.07	-1.54	94.21	13.66	1.33	1.81	0.07	1.33	1.13
109	fg3_m10	1	9.56	3	75.43	0.03	0.03	12.11	0.63	0.45	4.87	7.08	0.3	0.48	826	15.74	-3.5	99.42	-0.01	-1.45	91.43	15.77	1.3	1.37	0.01	1.3	-0.87
110	fg3_m10	1	9.56	5	66.28	0.03	0.03	16.16	0.51	0.51	15.11	15.31	0.0	0.21	367	9.97	-11.58	74.48	-0.03	-1.13	105.21	15.26	0.62	-0.2	0.03	0.62	1.9
111	fg3_m10	1	9.56	6	75.25	0.02	0.02	9.36	0.77	0.56	1.94	5.04	0.61	0.48	866	41.61	8.02	123.09	-0.12	-1.53	94.27	13.77	1.27	2.18	0.12	1.27	0.2
112	fg3_m10	1	9.76	1	81.95	0.03	0.03	9.04	0.69	0.01	1.37	2.09	0.3	0.77	476	17.43	-6.77	100.65	-0.01	-1.47	92.88	10.31	1.08	0.81	0.01	1.08	0.4
113	fg3_m10	1	9.76	2	67.35	0.02	0.02	10.04	0.73	0.73	1.71	1.66	0.43	0.48	884	21.97	-5.0	117.82	-0.01	-1.51	92.75	14.02	1.54	2.3	0.01	1.54	-2.08
114	fg3_m10	1	9.76	3	75.52	0.04	0.03	12.22	0.54	0.48	4.48	6.11	0.3	0.48	666	11.49	0.74	87.41	-0.04	-1.33	97.63	13.57	1.53	2.14	0.04	1.53	0.95
115	fg3_m10	1	9.76	4	81.01	0.05	0.04	10.42	0.49	0.25	10.68	21.86	0.3	1.07	710	15.55	-11.15	61.56	-0.03	-1.36	90.19	13.22	1.58	2.17	0.03	1.58	-0.51
116	fg3_m10	1	9.76	5	67.51	0.02	0.03	9.55	0.63	0.48	4.19	6.04	0.0	0.48	802	15.13	-13.69	101.99	0.02	-1.45	93.15	15.17	1.56	1.88	0.02	1.56	-0.45
117	fg3_m10	1	9.76	6	73.17	0.04	0.04	12.42	0.76	0.82	1.79	5.03	0.3	0.48	857	91.37	-3.67	121.88	-0.06	-1.56	91.94	15.31	1.07	1.08	0.06	1.07	-0.35
118	fg3_m10	1	9.95	1	83.94	0.03	0.02	7.1	0.7	0.77	2.67	4.13	0.43	0.77	475	17.98	-7.24	102.06	0.06	-1.47	93.83	8.73	1.04	0.94	0.06	1.04	-0.32
119	fg3_m10	1	9.95	2	68.53	0.02	0.03	14.02	0.66	0.58	3.36	4.88	0.43	0.48	722	15.91	-14.62	106.67	-0.04	-1.47	97.77	13.68	1.05	1.01	0.04	1.05	-0.25
120	fg3_m10	1	9.95	3	75.82	0.03	0.04	12.22	0.54	0.48	2.91	4.79	0.0	0.77	657	11.49	2.89	87.84	-0.01	-1.35	95.68	15.59	1.24	1.04	0.01	1.24	1.11
121	fg3_m10	1	9.95	5	66.83	0.03	0.03	9.04	0.62	0.49	3.74	6.91	0.0	0.48	811	14.71	-11.37	102.21	-0.03	-1.42	94.78	14.1	1.68	2.51	0.03	1.68	0.4
122	fg3_m10	1	9.95	6	76.11	0.03	0.03	12.61	0.77	0.43	8.17	7.54	0.3	0.48	847	27.75	-10.73	122.39	0.07	-1.55	92.61	15.75	1.13	0.71	0.07	1.13	-0.48
123	fg3_m10	1	10.15	0	74.41	0.05	0.03	6.05	0.36	0.86	8.0	12.62	0.3	0.48	696	125.48	-8.88	38.8	0.12	-1.31	87.0	13.29	1.27	1.37	0.12	1.27	1.18
124	fg3_m10	1	10.15	1	85.53	0.03	0.03	12.48	0.68	0.77	2.4	5.42	0.43	0.77	489	16.8	-7.92	99.74	0.0	-1.46	94.8	9.82	0.82	0.32	0.0	0.82	1.56
125	fg3_m10	1	10.15	2	67.61	0.03	0.04	14.65	0.75	0.6	2.47	1.8	0.43	0.21	861	34.86	-22.46	116.69	0.07	-1.51	92.19	14.84	1.25	1.58	0.07	1.25	-0.1
126	fg3_m10	1	10.15	3	75.57	0.03	0.03	11.84	0.54	0.47	1.66	2.51	0.3	0.48	680	11.61	3.25	85.47	-0.04	-1.27	97.12	14.0	1.34	1.41	0.04	1.34	-2.37
127	fg3_m10	1	10.15	5	66.2	0.03	0.03	10.75	0.71	0.6	2.55	3.29	0.3	0.48	904	23.0	-22.0	110.45	0.08	-1.46	93.37	14.47	1.35	1.57	0.08	1.35	0.9
128	fg3_m10	1	10.15	6	78.4	0.03	0.02	10.91	0.76	0.9	0.8	2.69	0.0	0.21	837	52.52	-3.06	118.61	0.06	-1.52	92.32	14.79	1.12	0.81	0.06	1.12	-0.04
129	fg3_m10	1	10.35	1	88.83	0.04	0.03	12.03	0.69	0.77	15.06	29.46	0.43	0.77	486	17.26	-8.88	101.45	0.01	-1.47	94.31	11.17	0.97	0.11	0.01	0.97	-0.38
130	fg3_m10	1	10.35	2	67.0	0.03	0.03	14.63	0.75	0.42	1.61	1.25	0.3	0.21	838	26.1	-11.44	117.17	0.01	-1.52	93.33	14.34	1.47	1.88	0.01	1.47	-0.65
131	fg3_m10	1	10.35	3	74.66	0.02	0.03	12.15	0.54	0.48	2.52	3.83	0.3	0.77	646	11.4	-4.76	88.17	0.01	-1.33	96.3	14.62	1.37	1.81	0.01	1.37	0.45
132	fg3_m10	1	10.35	4	81.78	0.03	0.03	8.07	0.48	0.68	4.38	14.0	0.43	0.21	684	62.77	-3.39	59.87	-0.03	-1.36	91.39	13.18	1.47	1.48	0.03	1.47	0.91
133	fg3_m10	1	10.35	5	66.08	0.03	0.03	12.01	0.62	0.49	4.18	6.6	0.0	0.48	781	14.91	-11.71	101.83	0.02	-1.43	94.32	14.01	1.63	2.53	0.02	1.63	1.38
134	fg3_m10	1	10.35	6	76.89	0.03	0.03	12.53	0.76	0.61	2.83	4.43	0.3	0.48	827	26.25	-1.47	121.74	-0.04	-1.54	93.76	15.1	1.31	1.38	0.04	1.31	0.07
135	fg3_m10	1	10.54	0	75.49	0.07	0.04	7.31	0.36	0.85	17.5	26.78	0.0	0.77	720	104.93	-5.77	39.72	-0.07	-1.38	87.65	12.52	1.12	1.18	0.07	1.12	1.27
136	fg3_m10	1	10.54	1	84.62	0.04	0.03	12.86	0.77	0.77	0.39	3.16	0.3	0.77	583	34.73	-11.07	112.11	0.0	-1.49	91.39	8.56	1.3	2.02	0.0	1.3	-1.16
137	fg3_m10	1	10.54	2	67.33	0.02	0.03	15.07	0.74	0.84	2.4	2.08	0.3	0.21	825	100.53	-7.62	114.98	-0.02	-1.5	92.31	14.14	1.57	2.2	0.02	1.57	-0.53
138	fg3_m10	1	10.54	3	74.7	0.03	0.04	12.37	0.55	0.48	2.6	3.76	0.3	0.48	665	11.95	3.92	85.25	0.0	-1.31	94.33	16.49	1.01	0.98	0.0	1.01	-0.06
139	fg3_m10	1	10.54	4	83.07	0.03	0.02	6.62	0.47	0.2	6.0	12.42	0.3	0.21	708	14.42	-12.71	58.2	-0.01	-1.31	89.12	14.86	1.28	0.98	0.01	1.28	-0.13
140	fg3_m10	1	10.54	5	67.16	0.03	0.03	8.83	0.63	0.51	15.88	25.16	0.3	0.48	785	15.3	-14.09	102.37	-0.01	-1.44	93.61	15.6	1.05	1.0	0.01	1.05	0.58
141	fg3_m10	1	10.54	6	73.62	0.03	0.03	12.12	0.71	0.0	5.09	5.16	0.3	0.48	792	18.55	-2.37	117.67	-0.0	-1.53	94.02	13.99	1.65	2.44	0.0	1.65	0.17
142	fg3_m10	1	10.74	1	85.28	0.04	0.04	11.5	0.77	0.81	0.57	1.01	0.3	0.48	587	39.0	-10.38	113.33	0.02	-1.47	92.28	11.48	1.0	1.5	0.02	1.0	0.36
143	fg3_m10	1	10.74	2	67.68	0.03	0.04	16.37	0.54	0.65	7.02	6.06	0.3	0.48	364	11.2	-13.69	76.26	0.02	-1.09	105.01	15.98	0.55	-0.29	0.02	0.55	-1.66
144	fg3_m10	1	10.74	3	75.15	0.03	0.03	12.29	0.56	0.48	3.35	4.43	0.3	0.48	668	12.16	1.95	86.83	-0.04	-1.29	95.55	15.08	1.17	1.34	0.04	1.17	0.34
145	fg3_m10	1	10.74	4	84.14	0.04	0.02	6.84	0.46	0.13	4.9	13.8	0.3	0.21	708	13.77	-11.91	58.0	0.02	-1.35	90.23	14.28	1.24	0.88	0.02	1.24	-0.42
146	fg3_m10	1	10.74	5	67.58	0.03	0.04	15.98	0.52	0.54	1.78	2.4	0.0	0.21	368	10.48	-6.55	75.33	-0.05	-1.14	106.25	14.86	0.8	0.34	0.05	0.8	1.58
147	fg3_m10	1	10.74	6	77.69	0.03	0.03	11.56	0.59	0.61	14.49	21.99	0.0	0.64	562	11.87	2.53	95.15	-0.04	-1.34	98.13	15.36	0.79	0.61	0.04	0.79	-0.48
148	fg3_m10	1	11.13	1	89.06	0.05	0.03	13.01	0.76	0.77	13.87	28.83	0.3	0.77	559	29.88	-9.41	110.75	0.01	-1.47	91.81	10.92	0.93	0.2	0.01	0.93	1.81
149	fg3_m10	1	11.13	2	67.81	0.03	0.03	12.3	0.74	0.74	0.62	0.26	0.3	0.48	816	55.73	-16.78	115.7	0.09	-1.51	92.93	13.92	1.46	1.99	0.09	1.46	1.41
150	fg3_m10	1	11.13	3	73.27	0.03	0.03	11.8	0.69	0.66	5.09	9.42	0.3	0.64	804	52.06	-0.1	103.14	-0.04	-1.46	92.23	15.48	1.08	1.01	0.04	1.08	-0.99
151	fg3_m10	1	11.13	4	84.07	0.04	0.02	9.59	0.44	0.16	4.64	10.43	0.0	0.48	660	13.5	-11.18	60.14	0.05	-1.26	92.33	13.33	1.46	1.42	0.05	1.46	1.51
152	fg3_m10	1	11.13	5	66.37	0.03	0.03	16.74	0.52	0.53	1.6	2.38	0.43	0.64	367	10.55	-13.62	75.06	0.03	-1.14	104.95	14.99	0.76	-0.32	0.03	0.76	-2.4
153	fg3_m10	1	11.13	6	74.19	0.07	0.05	21.9	0.66	0.64	7.82	5.97	0.61	0.21	693	16.13	-3.51	109.51	-0.04	-1.47	94.99	15.26	1.11	0.86	0.04	1.11	1.03
154	fg3_m10	1	11.18	0	82.95	0.05	0.03	6.28	0.31	0.68	10.46	24.7	0.3	0.77	651	53.39	-5.29	34.91	-0.04	-1.37	89.72	12.77	1.56	1.81	0.04	1.56	-0.26
155	fg3_m10	1	11.18	1	86.1	0.04	0.03	12.79	0.76	0.79	1.62	2.99	0.3	0.77	551	32.92	-10.25	110.48	0.02	-1.5	93.09	10.65	0.73	-0.18	0.02	0.73	0.98
156	fg3_m10	1	11.18	2	65.92	0.04	0.04	15.12	0.74	0.31	1.4	1.1	0.43	0.48	804	23.68	-10.61	116.5	0.02	-1.49	92.83	16.22	1.06	0.76	0.02	1.06	0.72
157	fg3_m10	1	11.18	3	74.56	0.03	0.03	12.7	0.63	0.47	2.04	2.82	0.3	0.48	776	15.33	-2.64	99.8	0.01	-1.44	92.71	14.15	1.6	2.25	0.01	1.6	-0.77
158	fg3_m10	1	11.18	4	84.39	0.03	0.03	6.91	0.44	0.19	3.14	8.42	0.3	0.48	649	13.06	-11.4	59.56	0.06	-1.36	92.78	13.99	1.23	0.93	0.06	1.23	-0.88
159	fg3_m10	1	11.18	5	66.69	0.02	0.03	9.06	0.72	0.79	1.64	1.66	0.43	0.77	808	70.06	-12.78	110.86	0.04	-1.48	92.88	15.91	1.35	1.6	0.04	1.35	1.27
160	fg3_m10	1	11.18	6	75.51	0.02	0.02	9.51	0.69	0.4	3.71	2.43	0.3	0.21	689	17.77	-1.85	108.2	-0.03	-1.48	95.94	13.57	1.62	2.36	0.03	1.62	-1.18
161	fg3_m10	1	11.64	0	81.74	0.04	0.04	6.33	0.32	0.05	4.69	7.89	0.91	0.48	622	16.38	-9.55	34.52	0.07	-1.27	90.08	12.44	1.35	1.7	0.07	1.35	-0.41
162	fg3_m10	1	11.64	1	83.36	0.04	0.04	12.0	0.74	0.5	0.06	0.14	0.3	0.77	517	27.97	-7.99	106.54	-0.0	-1.47	91.96	10.13	0.81	0.32	0.0	0.81	0.5
163	fg3_m10	1	11.64	2	69.5	0.03	0.04	13.66	0.73	0.89	1.99	1.57	0.3	0.48	760	36.33	-9.84	114.59	-0.03	-1.49	94.17	15.01	1.28	1.03	0.03	1.28	1.03
164	fg3_m10	1	11.64	3	74.74	0.03	0.03	12.63	0.68	0.89	7.27	13.09	0.3	0.48	752	96.0	0.55	101.92	0.0	-1.46	95.18	14.56	1.24	1.33	0.0	1.24	1.02
165	fg3_m10	1	11.64	4	83.63	0.05	0.04	9.11	0.49	0.94	3.08	8.9	0.0	0.48	643	283.94	-12.24	61.23	0.11	-1.35	92.19	13.89	1.16	0.94	0.11	1.16	-0.46
166	fg3_m10	1	11.64	5	67.6	0.02	0.03	10.47	0.62	0.52	1.58	2.12	0.43	0.48	708	14.87	-10.07	102.51	-0.01	-1.46	97.08	14.75	1.29	0.91	0.01	1.29	0.01
167	fg3_m10	1	11.64	6	76.54	0.03	0.04	10.98	0.73	0.88	0.79	3.11	0.0	0.21	720	41.63	-1.86	115.6	0.02	-1.48	94.7	15.47	0.93	0.52	0.02	0.93	0.51
168	fg3_m10	1	12.13	0	73.89	0.06	0.05	6.83	0.31	0.75	7.8	16.74	0.0	0.48	658	64.48	-8.64	33.71	0.05	-1.32	86.78	13.2	1.4	1.17	0.05	1.4	-0.9
169	fg3_m10	1	12.13	1	66.08	0.07	0.05	18.27	0.73	0.77	1.06	2.36	0.43	0.77	510	33.77	-9.1	103.43	-0.02	-1.47	92.13	10.53	0.88	0.3	0.02	0.88	-0.08
170	fg3_m10	1	12.13	2	68.52	0.02	0.03	12.04	0.74	0.68	0.69	0.41	0.3	0.48	785	55.65	-11.61	115.05	0.02	-1.5	94.29	15.6	1.1	0.8	0.02	1.1	-0.74
171	fg3_m10	1	12.13	3	72.86	0.04	0.04	15.51	0.69	0.56	6.73	6.09	0.3	0.21	798	38.6	2.2	105.48	0.01	-1.45	94.53	15.4	1.12	0.9	0.01	1.12	0.1
172	fg3_m10	1	12.13	5	67.27	0.03	0.04	12.1	0.7	0.93	3.34	2.01	0.0	0.48	797	66.48	-13.6	108.03	-0.02	-1.47	95.39	13.95	1.61	2.61	0.02	1.61	-0.59
173	fg3_m10	1	12.13	6	74.85	0.02	0.03	10.77	0.74	0.46	3.55	4.42	0.0	0.48	776	26.16	-1.77	115.59	0.0	-1.51	94.02	14.76	1.35	1.23	0.0	1.35	-0.5
174	fg3_m10	1	12.61	1	86.94	0.04	0.03	11.72	0.72	0.77	2.84	4.3	0.43	0.21	485	32.24	-7.51	100.96	0.06	-1.43	91.35	9.91	0.7	-0.03	0.06	0.7	1.22
175	fg3_m10	1	12.61	2	67.6	0.02	0.03	9.2	0.73	0.85	1.96	1.11	0.3	0.48	744	110.88	-13.77	111.58	0.04	-1.51	94.37	14.89	1.44	1.41	0.04	1.44	-2.92
176	fg3_m10	1	12.61	3	75.98	0.03	0.03	12.29	0.62	0.5	14.19	25.59	0.3	0.48	710	15.21	-3.11	101.4	0.0	-1.47	95.93	14.27	1.51	1.96	0.0	1.51	-2.48
177	fg3_m10	1	12.61	4	83.06	0.04	0.03	9.73	0.47	0.84	9.4	26.94	0.0	0.48	606	108.39	-9.68	59.85	0.03	-1.3	94.56	12.95	1.47	1.64	0.03	1.47	-0.2
178	fg3_m10	1	12.61	5	71.04	0.02	0.03	9.87	0.61	0.5	4.0	4.5	0.3	0.48	586	14.28	-14.23	90.32	-0.0	-1.4	99.99	13.65	1.47	1.54	0.0	1.47	-1.7
179	fg3_m10	1	12.61	6	74.38	0.02	0.03	9.69	0.72	0.65	1.48	3.06	0.3	0.48	726	50.33	-7.04	112.4	-0.0	-1.51	95.75	14.39	1.19	1.19	0.0	1.19	-0.44
180	fg3_m10	1	13.1	1	84.08	0.05	0.03	14.88	0.71	0.77	1.18	0.95	0.43	0.21	471	29.21	-15.05	98.91	0.06	-1.43	94.12	6.91	0.01	0.08	0.06	0.01	-0.62
181	fg3_m10	1	13.1	2	68.52	0.03	0.03	15.49	0.7	0.4	1.72	1.22	0.3	0.77	660	27.09	-12.35	108.92	0.01	-1.48	96.69	14.6	1.22	1.22	0.01	1.22	-0.29
182	fg3_m10	1	13.1	3	74.89	0.03	0.03	13.4	0.63	0.29	4.13	5.52	0.3	0.48	644	16.56	0.5	100.57	0.02	-1.42	99.43	14.33	0.93	0.44	0.02	0.93	0.06
183	fg3_m10	1	13.1	4	71.74	0.05	0.05	11.16	0.39	0.18	2.25	3.65	0.3	0.21	366	10.91	-9.12	51.87	0.07	-1.27	102.2	13.5	0.78	0.12	0.07	0.78	-1.35
184	fg3_m10	1	13.1	5	68.24	0.03	0.03	10.39	0.66	0.49	0.83	0.92	0.0	0.48	658	30.81	-15.54	102.64	0.02	-1.42	98.18	14.18	1.38	1.26	0.02	1.38	1.07
185	fg3_m10	1	13.1	6	74.11	0.04	0.04	13.08	0.7	0.57	1.62	3.82	0.3	0.48	666	33.77	-2.07	109.96	-0.01	-1.45	98.23	13.53	1.54	1.81	0.01	1.54	-0.05
186	fg3_m10	1	13.4	1	81.67	0.06	0.03	13.89	0.71	0.77	1.37	1.02	0.43	0.21	457	28.86	-13.1	94.97	0.05	-1.47	91.43	10.18	0.6	-0.62	0.05	0.6	-0.96
187	fg3_m10	1	13.4	2	71.61	0.03	0.03	15.32	0.68	0.93	3.23	1.91	0.43	0.21	632	51.61	-8.97	106.04	-0.03	-1.47	99.51	13.21	1.31	1.16	0.03	1.31	-0.58
188	fg3_m10	1	13.4	3	76.2	0.03	0.03	13.31	0.65	0.51	3.78	3.84	0.43	0.64	619	31.67	-0.02	98.84	-0.02	-1.42	100.05	14.43	0.79	0.17	0.02	0.79	-1.03
189	fg3_m10	1	13.4	4	89.36	0.05	0.03	11.0	0.46	0.18	3.15	10.21	0.3	0.77	516	19.46	-12.2	59.7	0.05	-1.41	99.21	11.85	1.43	1.64	0.05	1.43	0.28
190	fg3_m10	1	13.4	5	69.24	0.03	0.03	14.05	0.66	0.53	1.12	0.9	0.0	0.48	613	31.29	-10.62	101.42	-0.04	-1.43	101.07	13.95	1.12	0.63	0.04	1.12	0.46
191	fg3_m10	1	13.4	6	76.61	0.03	0.03	11.19	0.7	0.58	4.19	5.56	0.3	0.21	635	30.49	-0.72	108.88	-0.02	-1.45	98.57	14.3	1.09	0.73	0.02	1.09	-0.56
