Counter	Image	class label	Myr	Viewpoint	Delta PA	v_asym	s_asym	resids	lambda_r	epsilon	A	A_2	deltapos	deltapos2
0	fg3_m12	1	1.66	0	5.02	0.02	0.02	2.31	0.45	0.13	5.15	28.56	0.0	0.77
1	fg3_m12	1	1.66	1	1.17	0.03	0.05	7.01	0.61	0.55	22.41	45.73	0.61	0.48
2	fg3_m12	1	1.66	2	1.81	0.04	0.05	14.57	0.61	0.37	7.78	24.99	0.3	0.48
3	fg3_m12	1	1.66	5	2.59	0.02	0.04	14.0	0.65	0.61	7.78	12.0	0.3	0.21
4	fg3_m12	1	1.76	0	9.42	0.02	0.03	5.97	0.47	0.11	6.45	26.02	0.0	0.21
5	fg3_m12	1	1.76	1	7.46	0.05	0.05	7.74	0.61	0.51	21.56	47.75	0.61	0.48
6	fg3_m12	1	1.76	2	3.76	0.02	0.04	14.53	0.6	0.32	4.8	17.91	0.3	0.21
7	fg3_m12	1	1.76	3	14.8	0.9	0.18	66.13	0.57	0.3	44.09	57.44	3.03	0.88
8	fg3_m12	1	1.76	4	22.35	0.03	0.02	3.36	0.38	0.06	9.79	31.74	0.0	0.21
9	fg3_m12	1	1.76	5	87.63	0.13	0.1	17.04	0.54	0.64	61.17	70.72	1.52	0.21
10	fg3_m12	1	1.76	6	85.7	0.38	0.14	47.12	0.61	0.68	10.83	12.25	1.09	1.98
11	fg3_m12	1	1.81	0	5.49	0.08	0.05	19.2	0.56	0.3	29.63	99.55	0.3	0.21
12	fg3_m12	1	1.81	1	63.99	0.08	0.07	23.85	0.51	0.59	19.96	34.73	1.25	0.21
13	fg3_m12	1	1.81	2	59.63	0.07	0.06	20.57	0.48	0.16	35.42	61.12	0.3	0.21
14	fg3_m12	1	1.81	3	38.8	0.1	0.11	51.38	0.63	0.58	12.76	20.25	0.96	1.16
15	fg3_m12	1	1.81	4	10.63	0.3	0.06	16.74	0.3	0.27	40.2	44.96	2.15	0.48
16	fg3_m12	1	1.81	5	82.61	0.05	0.07	9.82	0.67	0.59	21.7	40.7	0.43	0.48
17	fg3_m12	1	1.81	6	50.3	0.15	0.12	65.85	0.6	0.6	10.89	17.96	1.82	1.83
18	fg3_m12	1	1.86	0	4.78	0.06	0.04	15.39	0.39	0.16	14.09	27.35	0.43	0.64
19	fg3_m12	1	1.86	1	31.69	0.04	0.04	9.85	0.44	0.4	10.0	23.64	0.43	0.21
20	fg3_m12	1	1.86	2	24.73	0.06	0.08	15.35	0.4	0.28	5.08	11.68	0.3	0.21
21	fg3_m12	1	1.86	3	34.77	0.08	0.06	19.76	0.51	0.57	3.86	14.63	3.05	4.32
22	fg3_m12	1	1.86	4	37.57	0.19	0.04	13.96	0.13	0.12	37.01	49.09	0.3	1.44
23	fg3_m12	1	1.86	6	65.2	0.06	0.11	16.46	0.52	0.66	13.11	25.51	0.68	0.77
24	fg3_m12	1	1.91	0	9.66	0.07	0.07	16.21	0.37	0.19	30.89	86.86	0.43	0.48
25	fg3_m12	1	1.91	2	3.07	0.05	0.05	11.31	0.43	0.34	3.98	5.65	0.43	0.21
26	fg3_m12	1	1.91	3	35.5	0.09	0.08	35.3	0.37	0.52	25.53	54.79	5.84	1.44
27	fg3_m12	1	1.91	4	70.76	0.04	0.07	2.93	0.17	0.09	13.09	16.27	0.3	0.21
28	fg3_m12	1	1.91	6	28.59	0.37	0.33	42.57	0.41	0.62	28.2	59.36	0.0	0.48
29	fg3_m12	1	2.0	0	3.08	0.06	0.04	13.5	0.41	0.27	25.7	87.87	0.0	0.88
30	fg3_m12	1	2.0	1	32.23	0.11	0.16	19.79	0.46	0.34	83.16	72.72	0.0	0.88
31	fg3_m12	1	2.0	2	1.75	0.04	0.04	6.23	0.4	0.25	5.05	13.41	0.43	0.21
32	fg3_m12	1	2.0	3	12.59	0.12	0.09	17.19	0.3	0.3	27.74	48.11	1.55	2.02
33	fg3_m12	1	2.0	4	47.95	0.35	0.05	6.84	0.15	0.04	27.16	49.01	0.3	0.21
34	fg3_m12	1	2.0	5	6.05	0.22	0.17	36.9	0.39	0.62	49.56	68.39	1.55	0.48
35	fg3_m12	1	2.0	6	14.78	0.19	0.09	25.55	0.35	0.55	46.7	69.29	0.0	0.48
36	fg3_m12	1	2.05	0	9.76	0.11	0.11	22.23	0.39	0.44	40.88	49.63	1.55	1.37
37	fg3_m12	1	2.05	1	39.41	0.12	0.11	15.74	0.22	0.34	46.66	66.75	0.91	1.3
38	fg3_m12	1	2.05	2	16.35	0.13	0.15	29.1	0.34	0.05	36.69	55.79	1.52	1.16
39	fg3_m12	1	2.05	3	30.1	0.4	0.13	47.72	0.36	0.32	45.75	46.35	0.96	0.77
40	fg3_m12	1	2.05	4	79.8	0.42	0.14	19.78	0.27	0.2	68.19	114.02	1.92	0.88
41	fg3_m12	1	2.05	5	10.71	0.19	0.2	41.92	0.39	0.55	67.77	55.84	0.96	1.68
42	fg3_m12	1	2.05	6	1.26	0.13	0.07	39.44	0.36	0.52	62.63	74.17	0.68	1.3
43	fg3_m12	1	2.15	0	83.09	0.47	0.1	22.32	0.27	0.34	27.65	43.62	0.61	0.48
44	fg3_m12	1	2.15	2	5.61	0.07	0.09	12.88	0.17	0.09	37.29	68.53	0.3	0.77
45	fg3_m12	1	2.15	3	2.53	0.13	0.07	11.86	0.1	0.24	15.6	25.5	0.68	0.77
46	fg3_m12	1	2.15	4	20.37	0.11	0.05	5.44	0.08	0.1	51.9	55.61	0.0	0.48
47	fg3_m12	1	2.15	5	8.6	0.11	0.09	20.97	0.28	0.42	39.96	67.7	0.3	0.77
48	fg3_m12	1	2.15	6	3.9	0.07	0.07	20.3	0.23	0.3	10.66	19.17	0.43	1.3
49	fg3_m12	1	2.2	1	80.0	0.25	0.11	7.57	0.12	0.11	26.14	47.26	0.61	1.07
50	fg3_m12	1	2.2	2	3.56	0.05	0.04	6.41	0.17	0.12	11.14	19.34	0.43	0.77
51	fg3_m12	1	2.2	3	8.62	0.06	0.05	9.61	0.09	0.22	6.37	10.82	0.3	0.21
52	fg3_m12	1	2.2	4	22.22	0.07	0.03	4.63	0.13	0.14	4.58	8.64	0.3	0.21
53	fg3_m12	1	2.2	5	4.48	0.1	0.06	22.23	0.29	0.46	39.42	60.12	0.0	1.07
54	fg3_m12	1	2.2	6	7.9	0.07	0.06	12.12	0.26	0.32	36.12	60.13	0.3	0.64
55	fg3_m12	1	2.25	0	1.12	0.07	0.07	13.55	0.3	0.39	33.47	51.46	0.43	1.16
56	fg3_m12	1	2.25	1	0.92	0.13	0.09	14.1	0.11	0.14	44.77	51.97	0.3	0.88
57	fg3_m12	1	2.25	2	10.75	0.05	0.03	11.02	0.16	0.09	20.99	32.92	0.68	0.77
58	fg3_m12	1	2.25	4	16.33	0.08	0.11	3.88	0.1	0.15	31.58	31.64	0.3	0.48
59	fg3_m12	1	2.25	5	16.02	0.1	0.07	21.24	0.28	0.47	24.04	41.46	0.3	0.77
60	fg3_m12	1	2.25	6	8.4	0.14	0.03	15.99	0.3	0.35	32.37	61.83	0.3	0.48
61	fg3_m12	1	2.35	0	0.71	0.07	0.07	17.55	0.22	0.37	44.26	70.55	0.3	1.07
62	fg3_m12	1	2.35	2	18.97	0.03	0.08	12.26	0.12	0.11	9.62	16.46	0.3	0.21
63	fg3_m12	1	2.35	3	4.54	0.05	0.05	8.54	0.1	0.23	16.48	22.96	0.3	0.21
64	fg3_m12	1	2.35	4	5.46	0.1	0.05	5.21	0.14	0.14	30.49	38.46	0.61	0.21
65	fg3_m12	1	2.35	5	14.18	0.07	0.11	21.04	0.31	0.48	37.81	55.96	0.43	0.48
66	fg3_m12	1	2.35	6	7.5	0.06	0.03	12.76	0.22	0.35	37.34	51.86	0.3	0.21
67	fg3_m12	1	2.44	0	0.89	0.06	0.08	24.97	0.27	0.38	42.96	109.37	0.0	1.07
68	fg3_m12	1	2.44	1	40.63	0.14	0.04	9.13	0.13	0.09	8.56	12.74	0.3	0.48
69	fg3_m12	1	2.54	0	4.39	0.05	0.07	15.18	0.23	0.35	27.94	66.69	0.0	0.77
70	fg3_m12	1	2.54	1	4.42	0.06	0.03	7.66	0.1	0.06	11.95	24.6	0.3	0.21
71	fg3_m12	1	2.54	2	7.19	0.05	0.03	10.03	0.25	0.14	9.08	26.26	0.0	0.21
72	fg3_m12	1	2.54	3	7.59	0.07	0.08	14.59	0.29	0.36	26.3	46.59	0.43	0.48
73	fg3_m12	1	2.54	4	8.94	0.07	0.06	6.27	0.16	0.09	18.11	38.57	0.68	0.64
74	fg3_m12	1	2.54	5	1.11	0.05	0.04	6.64	0.32	0.38	12.57	27.97	0.3	0.21
75	fg3_m12	1	2.54	6	7.7	0.07	0.04	9.77	0.33	0.41	24.53	44.8	0.43	0.48
76	fg3_m12	1	2.59	0	4.12	0.05	0.08	15.28	0.17	0.34	46.9	88.84	0.0	0.48
77	fg3_m12	1	2.59	1	6.17	0.05	0.03	7.56	0.12	0.09	14.87	21.99	0.3	0.21
78	fg3_m12	1	2.59	2	0.45	0.05	0.04	7.88	0.27	0.15	4.71	10.24	0.3	0.21
79	fg3_m12	1	2.59	3	10.3	0.07	0.09	14.79	0.3	0.38	32.74	53.45	0.3	0.48
80	fg3_m12	1	2.59	4	18.9	0.05	0.02	5.15	0.18	0.05	5.69	15.52	0.96	0.77
81	fg3_m12	1	2.59	5	5.14	0.04	0.02	9.65	0.25	0.31	11.33	20.61	0.0	0.21
82	fg3_m12	1	2.59	6	6.1	0.06	0.07	18.13	0.37	0.42	32.13	54.77	0.3	0.21
83	fg3_m12	1	2.69	0	0.3	0.05	0.07	14.79	0.18	0.33	31.25	63.28	0.0	0.21
84	fg3_m12	1	2.69	1	60.69	0.22	0.1	10.63	0.12	0.08	27.22	25.22	0.3	0.21
85	fg3_m12	1	2.69	2	1.46	0.04	0.06	5.78	0.25	0.14	3.96	11.09	0.68	0.77
86	fg3_m12	1	2.69	4	6.63	0.04	0.02	3.83	0.19	0.07	5.44	16.68	0.0	0.21
87	fg3_m12	1	2.69	5	43.62	0.09	0.08	17.63	0.23	0.3	19.72	38.27	0.0	0.21
88	fg3_m12	1	2.69	6	5.7	0.05	0.08	8.72	0.37	0.44	28.04	41.22	0.0	0.48
89	fg3_m12	1	2.79	1	5.96	0.05	0.02	5.68	0.14	0.06	12.48	12.85	0.3	0.21
90	fg3_m12	1	2.79	2	7.23	0.05	0.03	8.83	0.25	0.17	12.28	31.74	0.3	0.21
91	fg3_m12	1	2.79	3	5.6	0.06	0.09	14.41	0.33	0.46	23.22	35.2	0.61	0.48
92	fg3_m12	1	2.79	4	13.25	0.06	0.04	6.74	0.18	0.07	6.81	22.83	0.43	0.21
93	fg3_m12	1	2.79	5	43.78	0.12	0.08	18.58	0.21	0.29	34.19	62.87	0.0	0.21
94	fg3_m12	1	2.79	6	5.4	0.04	0.08	12.72	0.36	0.44	8.85	13.07	0.43	0.48
95	fg3_m12	1	3.62	0	6.72	0.06	0.06	13.73	0.28	0.35	9.03	18.02	0.3	0.21
96	fg3_m12	1	3.62	3	1.76	0.06	0.05	7.39	0.36	0.44	25.79	44.05	0.61	0.77
97	fg3_m12	1	3.62	5	3.96	0.05	0.07	15.55	0.38	0.41	30.49	48.79	0.0	0.21
98	fg3_m12	1	3.62	6	1.77	0.05	0.04	7.2	0.38	0.41	17.41	33.79	0.43	0.48
99	fg3_m12	1	4.6	0	2.33	0.03	0.05	9.17	0.37	0.37	20.73	29.16	0.0	0.48
100	fg3_m12	1	4.6	2	0.58	0.02	0.01	4.05	0.28	0.09	0.75	3.04	0.3	0.21
101	fg3_m12	1	4.6	3	2.26	0.05	0.07	8.95	0.35	0.41	26.78	41.66	0.3	0.48
102	fg3_m12	1	4.6	4	17.6	0.03	0.02	2.7	0.19	0.04	2.73	11.75	0.0	0.21
103	fg3_m12	1	4.6	5	3.99	0.05	0.04	14.59	0.35	0.33	24.83	46.8	0.3	0.21
104	fg3_m12	1	4.6	6	0.49	0.04	0.06	8.6	0.38	0.45	7.91	15.64	0.0	0.48
105	fg3_m12	1	5.18	0	2.17	0.03	0.04	9.17	0.32	0.34	8.57	16.58	0.3	0.48
106	fg3_m12	1	5.18	1	4.78	0.04	0.05	9.28	0.29	0.17	7.14	22.29	0.3	0.48
107	fg3_m12	1	5.18	3	1.04	0.08	0.05	10.15	0.36	0.43	31.24	40.52	0.0	0.64
108	fg3_m12	1	5.18	4	42.31	0.04	0.02	2.8	0.21	0.0	4.8	17.61	0.0	0.21
109	fg3_m12	1	5.18	5	0.44	0.06	0.07	16.34	0.34	0.32	41.42	68.46	0.43	0.21
110	fg3_m12	1	5.18	6	0.99	0.03	0.04	9.75	0.37	0.43	5.98	11.02	0.0	0.48
111	fg3_m12	1	5.57	0	2.9	0.04	0.03	9.77	0.3	0.29	33.9	66.04	0.3	0.77
112	fg3_m12	1	5.57	1	4.41	0.02	0.02	4.03	0.32	0.2	1.88	6.69	0.61	0.77
113	fg3_m12	1	5.57	2	2.68	0.02	0.01	3.86	0.27	0.07	0.93	4.16	0.61	0.77
114	fg3_m12	1	5.57	3	0.99	0.05	0.07	15.17	0.35	0.42	38.02	41.08	0.43	0.48
115	fg3_m12	1	5.57	6	4.3	0.04	0.06	12.23	0.36	0.44	6.25	11.74	0.3	0.48
116	fg3_m12	1	6.06	0	4.23	0.05	0.05	10.22	0.34	0.3	21.89	33.76	0.43	0.48
117	fg3_m12	1	6.06	1	1.26	0.03	0.01	4.3	0.32	0.18	4.85	14.7	0.3	0.21
118	fg3_m12	1	6.06	2	4.34	0.03	0.02	4.27	0.27	0.06	1.53	6.88	0.3	0.21
119	fg3_m12	1	6.06	3	2.95	0.05	0.08	14.15	0.34	0.42	29.2	44.68	0.3	0.48
120	fg3_m12	1	6.06	5	1.69	0.05	0.05	18.15	0.35	0.34	40.89	70.2	0.3	0.48
121	fg3_m12	1	6.06	6	1.5	0.04	0.05	9.27	0.37	0.46	18.32	31.25	0.43	0.21
122	fg3_m12	1	0.05	0	2.1	0.01	0.01	1.22	0.5	0.15	2.79	18.38	0.0	0.48
123	fg3_m12	1	0.05	1	4.75	0.03	0.01	5.29	0.8	0.85	2.42	1.62	0.0	0.21
124	fg3_m12	1	0.05	2	1.55	0.02	0.01	9.46	0.8	0.82	3.06	3.89	0.3	0.21
125	fg3_m12	1	0.05	4	2.4	0.02	0.01	2.28	0.68	0.2	2.96	11.84	0.3	0.21
126	fg3_m12	1	0.05	5	1.28	0.01	0.02	10.62	0.66	0.38	0.78	3.35	0.3	0.21
127	fg3_m12	1	0.05	6	2.62	0.03	0.01	8.56	0.81	0.84	1.38	5.67	0.0	0.21
128	fg3_m12	1	0.1	0	1.1	0.01	0.01	3.07	0.51	0.13	2.93	18.25	0.3	0.48
129	fg3_m12	1	0.1	1	3.45	0.03	0.01	4.81	0.81	0.85	0.7	0.51	0.3	0.21
130	fg3_m12	1	0.1	2	1.8	0.02	0.01	7.61	0.82	0.82	0.83	0.8	0.0	0.21
131	fg3_m12	1	0.1	3	0.05	0.02	0.01	2.4	0.7	0.28	7.6	11.25	0.3	0.21
132	fg3_m12	1	0.1	4	1.02	0.02	0.01	2.39	0.7	0.21	3.41	14.98	0.3	0.21
133	fg3_m12	1	0.1	5	1.29	0.01	0.02	4.14	0.68	0.39	0.64	2.23	0.61	0.21
134	fg3_m12	1	0.1	6	1.54	0.04	0.01	8.07	0.82	0.84	1.82	3.56	0.3	0.48
135	fg3_m12	1	0.2	0	1.55	0.02	0.02	3.01	0.52	0.14	4.02	21.07	0.0	0.48
136	fg3_m12	1	0.2	1	2.09	0.03	0.02	5.55	0.81	0.85	0.76	0.5	0.0	0.21
137	fg3_m12	1	0.2	2	0.47	0.01	0.01	5.94	0.82	0.82	1.04	1.63	0.3	0.21
138	fg3_m12	1	0.2	3	0.37	0.01	0.01	2.35	0.72	0.28	8.99	11.08	0.43	0.21
139	fg3_m12	1	0.2	4	2.67	0.01	0.02	6.36	0.74	0.2	8.65	21.83	0.3	0.21
140	fg3_m12	1	0.2	5	1.51	0.01	0.02	4.05	0.68	0.39	1.3	6.08	0.0	0.48
141	fg3_m12	1	0.2	6	0.52	0.03	0.02	7.82	0.83	0.84	2.63	5.18	0.61	0.48
142	fg3_m12	1	0.29	0	1.22	0.01	0.02	6.68	0.52	0.12	9.22	30.5	0.3	0.21
143	fg3_m12	1	0.29	1	5.42	0.04	0.02	5.71	0.81	0.85	0.88	0.47	0.0	0.21
144	fg3_m12	1	0.29	2	0.78	0.01	0.01	7.0	0.83	0.8	1.55	2.31	0.3	0.48
145	fg3_m12	1	0.29	3	0.19	0.01	0.01	4.73	0.79	0.29	4.22	9.15	0.0	0.21
146	fg3_m12	1	0.29	4	0.42	0.02	0.02	2.51	0.79	0.19	3.18	13.56	0.3	0.48
147	fg3_m12	1	0.29	5	1.12	0.01	0.02	4.2	0.7	0.4	1.26	6.57	0.3	0.21
148	fg3_m12	1	0.39	0	17.62	0.02	0.02	5.01	0.56	0.3	1.23	4.76	0.61	0.48
149	fg3_m12	1	0.39	1	13.26	0.02	0.04	8.33	0.91	0.38	8.34	16.06	3.67	0.77
150	fg3_m12	1	0.39	2	15.65	0.03	0.02	17.71	0.75	0.71	11.06	23.19	2.04	2.58
151	fg3_m12	1	0.39	3	4.31	0.01	0.02	2.35	0.91	0.4	3.8	10.2	0.0	0.21
152	fg3_m12	1	0.39	4	16.71	0.03	0.02	2.79	0.75	0.09	4.64	12.03	0.3	0.21
153	fg3_m12	1	0.39	5	4.03	0.02	0.02	21.14	0.72	0.31	12.12	24.19	0.43	0.21
154	fg3_m12	1	0.59	0	89.53	0.05	0.03	5.41	0.26	0.49	7.0	15.2	0.0	0.48
155	fg3_m12	1	0.59	1	2.95	0.03	0.05	10.18	0.63	0.7	21.98	36.42	0.61	0.77
156	fg3_m12	1	0.59	2	3.81	0.04	0.04	16.44	0.66	0.68	26.0	42.88	0.43	0.21
157	fg3_m12	1	0.59	3	20.46	0.04	0.05	12.14	0.58	0.58	8.26	14.48	0.43	0.48
158	fg3_m12	1	0.59	4	46.85	0.05	0.03	9.8	0.38	0.51	10.08	20.38	0.0	0.64
159	fg3_m12	1	0.59	5	14.1	0.05	0.03	16.81	0.57	0.59	18.6	28.5	0.3	0.48
160	fg3_m12	1	0.59	6	4.67	0.03	0.06	8.84	0.64	0.73	23.86	47.41	0.3	0.21
161	fg3_m12	1	0.78	0	22.87	0.03	0.02	4.44	0.26	0.06	7.39	17.6	0.3	0.21
162	fg3_m12	1	0.78	1	8.26	0.02	0.04	7.36	0.61	0.63	12.94	15.4	0.43	0.88
163	fg3_m12	1	0.78	2	1.97	0.03	0.05	12.25	0.58	0.49	9.18	15.8	0.68	0.21
164	fg3_m12	1	0.78	3	2.69	0.03	0.03	5.11	0.49	0.29	6.08	17.09	0.3	0.21
165	fg3_m12	1	0.78	5	0.86	0.01	0.03	4.75	0.56	0.45	0.47	1.49	0.96	0.48
166	fg3_m12	1	0.78	6	2.59	0.02	0.04	12.28	0.64	0.67	29.58	31.43	0.43	0.88
167	fg3_m12	1	0.98	0	1.31	0.02	0.01	3.85	0.37	0.14	6.97	12.86	0.3	0.64
168	fg3_m12	1	0.98	1	0.6	0.01	0.03	5.46	0.62	0.66	22.81	37.03	0.0	0.21
169	fg3_m12	1	0.98	2	0.25	0.03	0.07	14.0	0.54	0.45	11.41	28.71	0.0	0.21
170	fg3_m12	1	0.98	5	0.7	0.02	0.05	7.81	0.56	0.48	12.41	23.83	0.3	0.21
171	fg3_m12	1	0.98	6	0.79	0.02	0.03	5.76	0.63	0.66	14.2	18.88	0.43	0.48
172	fg3_m12	1	1.17	1	5.35	0.01	0.04	7.19	0.61	0.57	11.25	12.75	0.0	0.21
173	fg3_m12	1	1.17	2	2.71	0.02	0.04	13.84	0.6	0.44	1.97	5.84	0.3	0.21
174	fg3_m12	1	1.17	5	0.91	0.03	0.05	13.51	0.59	0.46	5.39	15.42	0.3	0.48
175	fg3_m12	1	1.17	6	2.96	0.02	0.04	6.24	0.62	0.69	19.22	36.11	0.61	0.48
176	fg3_m12	1	1.37	1	7.27	0.03	0.07	15.08	0.62	0.61	14.09	22.63	0.3	0.48
177	fg3_m12	1	1.37	2	1.08	0.03	0.04	13.74	0.6	0.35	4.15	15.26	0.3	0.21
178	fg3_m12	1	1.37	3	9.2	0.03	0.03	4.37	0.52	0.26	7.1	26.22	0.3	0.21
179	fg3_m12	1	1.37	4	17.85	0.02	0.02	3.01	0.22	0.06	3.8	6.61	0.3	0.21
180	fg3_m12	1	1.37	5	1.28	0.02	0.05	9.28	0.59	0.48	20.98	39.5	0.61	0.48
181	fg3_m12	1	1.37	6	1.57	0.03	0.06	10.17	0.63	0.69	28.07	51.89	0.43	0.77
182	fg3_m12	1	1.56	0	5.57	0.02	0.02	4.96	0.41	0.12	7.79	41.73	0.3	0.48
183	fg3_m12	1	1.56	1	1.52	0.02	0.04	7.42	0.6	0.53	17.51	22.86	0.3	0.21
184	fg3_m12	1	1.56	2	3.36	0.02	0.04	12.92	0.59	0.39	4.17	11.74	0.3	0.21
185	fg3_m12	1	1.56	3	2.88	0.02	0.04	4.02	0.58	0.28	2.22	7.19	0.0	0.21
186	fg3_m12	1	1.56	5	4.9	0.02	0.03	9.03	0.62	0.57	23.07	44.73	0.43	0.21
187	fg3_m12	1	1.56	6	0.6	0.02	0.05	10.43	0.63	0.68	26.35	36.36	0.68	0.77
