Counter	Image	class label	Myr	Viewpoint	# Bulges	Sep	Flux Ratio	Gini	M20	C	A	S	Sersic n	A_s
0	q0.333_fg0.3_allrx10_sunruns/hires_kin_early_cen1/broadband_020.fits	1	0.2	0	1	0	0	0.4811211291439705	-1.7597928265182055	2.650075955751295	-0.008005489636471555	0.004999093725576747	0.9359	0.07027098375413504
1	q0.333_fg0.3_allrx10_sunruns/hires_kin_early_cen1/broadband_040.fits	1	0.39	0	2	14.164208210701783	3.4166461281382245	0.5755646636735453	-1.0383595518543545	2.7242335170971903	0.21582631362952984	0.007954432844792667	0.9042	0.551855535331807
2	q0.333_fg0.3_allrx10_sunruns/hires_kin_early_cen1/broadband_070.fits	1	0.68	0	1	0	0	0.5950101179367603	-2.4515557870186626	4.750093694830936	0.145986800197618	0.01317233735581719	19.945	0.4691063346831297
3	q0.333_fg0.3_allrx10_sunruns/hires_kin_early_cen1/broadband_080.fits	1	0.78	0	1	0	0	0.6414963519120879	-2.414711374241002	4.524397363780328	0.12704564264513546	0.017021032195885577	17.417	0.3829187527612347
4	q0.333_fg0.3_allrx10_sunruns/hires_kin_early_cen1/broadband_100.fits	1	0.98	0	1	0	0	0.5721499874699437	-2.6300072303896185	5.043156074612679	0.0939954811483211	0.010986592567175824	19.997	0.30325869920367704
5	q0.333_fg0.3_allrx10_sunruns/hires_kin_early_cen1/broadband_120.fits	1	1.17	0	1	0	0	0.5400933846277216	-2.2124600753575323	4.2801667421186025	0.10604999441940402	0.008908124611010381	13.029	0.4240736227535862
6	q0.333_fg0.3_allrx10_sunruns/hires_kin_early_cen1/broadband_140.fits	1	1.37	0	1	0	0	0.571212025544361	-2.5196912574173593	4.754180255877714	0.16892694504215755	-0.00041733256288382166	19.959	0.4381233205837778
7	q0.333_fg0.3_allrx10_sunruns/hires_kin/broadband_150.fits	1	1.47	0	1	0	0	0.5859957959489153	-2.4783370610936366	4.631271052670031	0.12500912748583412	0.002640648893266841	15.978	0.2984446811290401
8	q0.333_fg0.3_allrx10_sunruns/hires_kin/broadband_180.fits	1	1.76	0	1	0	0	0.5626426578399062	-2.418408764477059	4.288016782652643	0.06973176551143777	-0.0007102262047389062	8.4974	0.22464111739139078
9	q0.333_fg0.3_allrx10_sunruns/hires_kin/broadband_220.fits	1	2.15	0	2	14.5243860603087	9.57987847730074	0.5521591047827845	-2.4389494377800673	4.538222376889697	0.08948390778820985	-0.0009836563974314249	8.2808	0.3154220902588132
10	q0.333_fg0.3_allrx10_sunruns/hires_kin/broadband_230.fits	1	2.25	0	1	0	0	0.5926468036751329	-2.340526710892463	4.4187240217912205	0.0324682257416742	-0.00638711672189814	6.3229	0.1877149207729794
11	q0.333_fg0.3_allrx10_sunruns/hires_kin/broadband_235.fits	1	2.3	0	1	0	0	0.597315366612994	-2.349752388875346	4.437239503645614	0.044660261947969127	-0.003252492427490227	6.0079	0.21764847272183252
12	q0.333_fg0.3_allrx10_sunruns/hires_kin/broadband_237.fits	1	2.32	0	1	0	0	0.5879958196313121	-2.3481684791406705	4.437462533328485	0.03320680064469638	-0.004384351919628938	6.2712	0.20193076008092845
13	q0.333_fg0.3_allrx10_sunruns/hires_kin/broadband_240.fits	1	2.35	0	1	0	0	0.5689479796253597	-2.3650227924109184	4.385117324150857	0.0674335391323909	0.004446317600798264	6.62	0.11608207493704811
14	q0.333_fg0.3_allrx10_sunruns/hires_kin/broadband_242.fits	1	2.37	0	2	17.280533759921276	10.792448874176243	0.5688993735063029	-2.4273631742306923	4.415166509635096	0.02070388476588167	-0.003114175630894859	6.6695	0.2066841296092528
15	q0.333_fg0.3_allrx10_sunruns/hires_kin/broadband_245.fits	1	2.4	0	2	14.370577597995174	10.227276558978069	0.5995881239810955	-2.3940700722817	4.40818237694909	0.037446252866503944	-0.0018219293181044518	6.272	0.3095177207653024
16	q0.333_fg0.3_allrx10_sunruns/hires_kin/broadband_247.fits	1	2.42	0	2	11.71638341378812	9.866429113631765	0.6406901847100618	-0.7791371855944558	4.48167587956007	0.05637719820137838	-0.0009863574503246187	6.3273	0.48928068228938304
17	q0.333_fg0.3_allrx10_sunruns/hires_kin/broadband_250.fits	1	2.44	0	2	6.360029550267667	6.209262210148885	0.6283865290807096	-0.96055674409847	4.589300286413847	0.3107608221825714	0.06568152511012548	5.8608	0.5156388142251834
18	q0.333_fg0.3_allrx10_sunruns/hires_kin/broadband_252.fits	1	2.46	0	1	0	0	0.6069287141533192	-1.8952145188497107	3.6885239358626216	0.19586361159092436	0.007548008740720945	3.1469	0.36434777302123744
19	q0.333_fg0.3_allrx10_sunruns/hires_kin/broadband_255.fits	1	2.49	0	2	3.489673474417858	15.44827528940524	0.5797242965242939	-1.192984147777007	3.6164443483372306	0.21249453740633295	0.04494262285502232	2.3073	0.4719618887159112
20	q0.333_fg0.3_allrx10_sunruns/hires_kin/broadband_257.fits	1	2.51	0	2	2.624403867812442	28.13196056799964	0.6198412562271345	-1.4150939946108079	3.696826104810848	0.267703697415571	0.03345578643894954	2.9773	0.5338145277062037
21	q0.333_fg0.3_allrx10_sunruns/hires_kin/broadband_262.fits	1	2.56	0	1	0	0	0.597737235601749	-1.6639267881531008	4.084715203937655	0.21401534348150525	-0.021145791448111555	3.1631	0.7237667487632257
22	q0.333_fg0.3_allrx10_sunruns/hires_kin/broadband_265.fits	1	2.59	0	1	0	0	0.568802637442413	-2.1116692546521096	3.78166444433601	0.15027742411289619	-0.002353941367567008	3.3897	0.44132390607882455
23	q0.333_fg0.3_allrx10_sunruns/hires_kin/broadband_270.fits	1	2.64	0	1	0	0	0.5575515117459832	-1.9761149179674407	3.931623047306459	0.17012456135376805	-0.0008467366708599529	4.0758	0.22497526976629426
24	q0.333_fg0.3_allrx10_sunruns/hires_kin/broadband_275.fits	1	2.69	0	1	0	0	0.5972971576873876	-2.178787757972723	4.212426645310993	0.08780636248085043	-0.006809540605780036	4.1428	0.35718262483799246
25	q0.333_fg0.3_allrx10_sunruns/hires_kin/broadband_280.fits	1	2.74	0	1	0	0	0.6126716757840248	-2.2894291405686666	4.297867001163871	0.12053852161002768	0.00027358637157122375	4.1827	0.40262577673290467
26	q0.333_fg0.3_allrx10_sunruns/hires_kin/broadband_285.fits	1	2.79	0	1	0	0	0.5934405261134821	-2.25986382899994	4.328674945258714	0.0384858200841857	-0.006271007452491582	4.8478	0.28796157692694935
27	q0.333_fg0.3_allrx10_sunruns/hires_kin/broadband_287.fits	1	2.84	0	1	0	0	0.6152679881627857	-2.26265039875971	4.256457453069593	0.07635020436727784	-0.006333772701639515	4.637	0.2653320309673989
28	q0.333_fg0.3_allrx10_sunruns/hires_kin/broadband_288.fits	1	2.93	0	1	0	0	0.5850993715099548	-2.2233757424599534	3.9908500781444745	0.06244035695257983	0.002505180454942562	4.2002	0.35974259016847526
29	q0.333_fg0.3_allrx10_sunruns/hires_kin/broadband_289.fits	1	3.03	0	1	0	0	0.5986930549953845	-2.329855350380575	4.236822319900487	0.012683140237969678	-0.006921210875201749	4.2038	0.36915035947615715
30	q0.333_fg0.3_allrx10_sunruns/hires_kin/broadband_290.fits	1	3.13	0	1	0	0	0.6128963665763003	-2.34425814189177	4.373442417929209	0.007856123363178386	-0.0067794446068903	4.5464	0.30284016394929963
31	q0.333_fg0.3_allrx10_sunruns/hires_kin/broadband_295.fits	1	3.62	0	1	0	0	0.6005657662641054	-2.3281080253546165	4.184339795424096	0.009656632452055591	-0.007705382820395036	4.1754	0.3081156555104673
32	q0.333_fg0.3_allrx10_sunruns/hires_kin/broadband_305.fits	1	4.6	0	1	0	0	0.5702887119611036	-2.3626054590223946	4.1301288318624	-0.040657106285370254	-0.003823902992836482	4.5091	0.08811031775330126
33	q0.333_fg0.3_allrx10_sunruns/hires_kin_early_cen1/broadband_020.fits	1	0.2	1	1	0	0	0.5900398532518228	-1.5854891150344712	3.261613235486997	-0.029438047479272474	0.04616768322810165	0.5186	0.08661387478957774
34	q0.333_fg0.3_allrx10_sunruns/hires_kin_early_cen1/broadband_070.fits	1	0.68	1	1	0	0	0.638719973843019	-1.7448233944486258	3.609125723440786	0.07634179134282282	0.04467476594524361	1.2621	0.8166247379521206
35	q0.333_fg0.3_allrx10_sunruns/hires_kin_early_cen1/broadband_080.fits	1	0.78	1	1	0	0	0.609884861442296	-1.931464994228759	3.362058203009224	0.16369313688558706	0.0150844451644003	1.5222	0.2516280269555544
36	q0.333_fg0.3_allrx10_sunruns/hires_kin_early_cen1/broadband_100.fits	1	0.98	1	1	0	0	0.5696363235642142	-2.1280773295482898	3.7994515054464832	0.08203720831128772	0.03679260601494445	2.1087	0.37964278325188444
37	q0.333_fg0.3_allrx10_sunruns/hires_kin_early_cen1/broadband_120.fits	1	1.17	1	1	0	0	0.6424867822272283	-1.843079594371576	3.5092075311499107	0.10399489125195419	0.005709384490097135	2.011	0.35630696726632005
38	q0.333_fg0.3_allrx10_sunruns/hires_kin_early_cen1/broadband_140.fits	1	1.37	1	1	0	0	0.517179841714791	-2.020475301024624	3.4506356621289216	0.10161853621826433	0.013099890793906617	1.9141	0.43448385930482325
39	q0.333_fg0.3_allrx10_sunruns/hires_kin/broadband_150.fits	1	1.47	1	1	0	0	0.6045636766636157	-2.081190570551042	3.334983565229485	0.10917130500355411	0.019791220762414838	2.1301	0.2482354889214557
40	q0.333_fg0.3_allrx10_sunruns/hires_kin/broadband_170.fits	1	1.66	1	1	0	0	0.5587836932729505	-1.8542819110669235	3.6782170634283275	0.1424863531865285	0.014854386563863495	2.3118	0.1921935202957124
41	q0.333_fg0.3_allrx10_sunruns/hires_kin/broadband_180.fits	1	1.76	1	1	0	0	0.6250920524549204	-2.105804370160927	3.3691859538697377	0.03755623001091645	0.010720736942385803	2.0753	0.1856033359987994
42	q0.333_fg0.3_allrx10_sunruns/hires_kin/broadband_190.fits	1	1.86	1	1	0	0	0.5720191688929347	-2.126052815673661	3.7401834690370057	-0.025449971573412538	-0.0010484797087835691	2.2238	0.14306218480236935
43	q0.333_fg0.3_allrx10_sunruns/hires_kin/broadband_210.fits	1	2.05	1	2	0	0	0.6249477395896186	-0.6448877366265177	1.3619249578975499	0.3668807089169736	0.10651357652792882	1.8962	0.2518174691468118
44	q0.333_fg0.3_allrx10_sunruns/hires_kin/broadband_230.fits	1	2.25	1	2	11.021537698978323	28.227992930750393	0.5784507540095998	-1.9034179392891692	4.0754938547814294	0.12020419798530384	-0.009523877908508038	3.1337	0.7765662979485378
45	q0.333_fg0.3_allrx10_sunruns/hires_kin/broadband_235.fits	1	2.3	1	1	0	0	0.5236282198294796	-2.141949820352311	3.933222862262233	0.048811506738897704	-0.005237274114928593	3.9886	0.40718875158362605
46	q0.333_fg0.3_allrx10_sunruns/hires_kin/broadband_237.fits	1	2.32	1	1	0	0	0.532941431940103	-2.202842186032671	3.9108313530012593	0.05987249283226743	-0.00037687838082530297	4.3794	0.3572187931960901
47	q0.333_fg0.3_allrx10_sunruns/hires_kin/broadband_240.fits	1	2.35	1	1	0	0	0.5361709541163397	-2.2495328572893802	3.815738731028176	0.07618491951320466	0.0029240141197553345	4.3562	0.24443038111509197
48	q0.333_fg0.3_allrx10_sunruns/hires_kin/broadband_242.fits	1	2.37	1	2	16.711766725208285	9.228263782817866	0.5554860339638941	-2.304644534890484	3.981447871258342	0.03291544375781507	-0.0013071300757667242	5.246	0.19323703567195577
49	q0.333_fg0.3_allrx10_sunruns/hires_kin/broadband_247.fits	1	2.42	1	2	11.186024183986135	8.1096105785384	0.6266080910120215	-0.5701893928433271	4.103539519463014	0.26070051502953323	-0.0074809536178301475	4.9618	0.6423801122315169
50	q0.333_fg0.3_allrx10_sunruns/hires_kin/broadband_250.fits	1	2.44	1	2	5.996133926308049	3.875073996548756	0.6072115313680764	-0.8844271827306965	4.040294439505282	0.3484227250316449	0.06790594732138802	4.35	0.63104998105142
51	q0.333_fg0.3_allrx10_sunruns/hires_kin/broadband_252.fits	1	2.46	1	1	0	0	0.6269587703257082	-1.9411244092907183	3.987787080981138	0.11991706998740542	-0.007824470960884003	3.1836	0.5065925239644354
52	q0.333_fg0.3_allrx10_sunruns/hires_kin/broadband_255.fits	1	2.49	1	2	3.2288766660747923	19.79520483208416	0.5897576410078839	-1.2827514767488335	3.6200626514203265	0.22544595289749664	0.03937098110283704	2.853	0.35324708924637194
53	q0.333_fg0.3_allrx10_sunruns/hires_kin/broadband_257.fits	1	2.51	1	2	2.467251833743595	34.15702204339007	0.6055386592145944	-1.2713176870734333	3.7376735740692024	0.3302267662724353	0.04285874338466668	4.3666	0.4904145355123781
54	q0.333_fg0.3_allrx10_sunruns/hires_kin/broadband_262.fits	1	2.56	1	1	0	0	0.5930582384013706	-1.7234296065264303	4.048835324160558	0.20444868712104475	-0.00574066598493573	3.0222	0.6867846070007848
55	q0.333_fg0.3_allrx10_sunruns/hires_kin/broadband_265.fits	1	2.59	1	1	0	0	0.5636626127731694	-2.159703503040236	3.7569233285213235	0.12051644333672477	-0.005542437862102652	3.4416	0.43065042812463905
56	q0.333_fg0.3_allrx10_sunruns/hires_kin/broadband_270.fits	1	2.64	1	1	0	0	0.5633888564129	-2.1063211582597554	4.202145862633715	0.1325855678004303	-0.0005211163295787631	6.5928	0.3316929767560635
57	q0.333_fg0.3_allrx10_sunruns/hires_kin/broadband_275.fits	1	2.69	1	1	0	0	0.5841476658128498	-2.284653053866	4.443610044309396	0.10113220180749612	-0.0015014155344546484	6.1238	0.3466586876677255
58	q0.333_fg0.3_allrx10_sunruns/hires_kin/broadband_280.fits	1	2.74	1	1	0	0	0.6007407216861984	-2.3309408850751354	4.417377349220245	0.10579551933329441	-0.000634989899344882	5.4508	0.4256506355074984
59	q0.333_fg0.3_allrx10_sunruns/hires_kin/broadband_285.fits	1	2.79	1	1	0	0	0.5944044614513824	-2.295761681487	4.416707023027541	0.08168101040071761	0.0037740493538956947	5.0821	0.4144209615940353
60	q0.333_fg0.3_allrx10_sunruns/hires_kin/broadband_287.fits	1	2.84	1	1	0	0	0.6010209072762006	-2.186820804385936	4.221512524070041	0.08159798407551229	0.003370338874587878	4.0536	0.24214988491419712
61	q0.333_fg0.3_allrx10_sunruns/hires_kin/broadband_288.fits	1	2.93	1	1	0	0	0.6125298447516546	-2.344557537425262	3.9522300530643713	0.06450783374783861	0.006829770215362621	4.3626	0.3466782561651843
62	q0.333_fg0.3_allrx10_sunruns/hires_kin/broadband_289.fits	1	3.03	1	1	0	0	0.5765196303721074	-2.328854779459526	4.215790498342083	0.05444723281646001	-0.0008786392220440361	5.0806	0.4580898045749493
63	q0.333_fg0.3_allrx10_sunruns/hires_kin/broadband_290.fits	1	3.13	1	1	0	0	0.5865929373954312	-2.3046366648701886	4.176208032524379	0.023139310888438683	-0.002023612967390091	4.0519	0.22637460428448547
64	q0.333_fg0.3_allrx10_sunruns/hires_kin/broadband_295.fits	1	3.62	1	1	0	0	0.5945918388103432	-2.3347265232220376	4.1577581450489784	0.0044157897883084	-0.009990942067753613	4.3522	0.18398978000138322
65	q0.333_fg0.3_allrx10_sunruns/hires_kin_early_cen1/broadband_020.fits	1	0.2	2	1	0	0	0.5406777834633207	-1.5705692205206716	3.1125336375487396	-0.011749830968083123	0.03626871069446608	0.5338	0.14222307409748958
66	q0.333_fg0.3_allrx10_sunruns/hires_kin_early_cen1/broadband_040.fits	1	0.39	2	2	5.171743876316994	2.099906703762427	0.5417752982236593	-1.1492074882255388	1.9103174296709626	0.7601841879982133	0.03355322420988126	0.5726	1.0382710347024124
67	q0.333_fg0.3_allrx10_sunruns/hires_kin_early_cen1/broadband_070.fits	1	0.68	2	1	0	0	0.5597593633661491	-2.0232616201980407	3.7392619522326647	0.23646078649738503	0.01777160601047526	2.496	0.6257197458303867
68	q0.333_fg0.3_allrx10_sunruns/hires_kin_early_cen1/broadband_080.fits	1	0.78	2	1	0	0	0.5624231008454799	-2.2203547016093377	3.8691483717163906	0.07242255183932324	0.01939996177290389	2.4231	0.2867012844547965
69	q0.333_fg0.3_allrx10_sunruns/hires_kin_early_cen1/broadband_100.fits	1	0.98	2	1	0	0	0.5246494294551515	-2.0812056833887502	3.483268395330274	0.18251951416861795	0.005306820094866298	2.8528	0.640704403821324
70	q0.333_fg0.3_allrx10_sunruns/hires_kin_early_cen1/broadband_120.fits	1	1.17	2	1	0	0	0.5138115952146424	-2.0231843993789558	3.4672226021269377	0.19359920648113763	0.010665451666512265	2.5076	0.485055156744433
71	q0.333_fg0.3_allrx10_sunruns/hires_kin_early_cen1/broadband_140.fits	1	1.37	2	1	0	0	0.5755352277246291	-2.1685837497745917	3.893936995259617	0.11924443013514786	0.009724664091957321	3.4286	0.4374766577203434
72	q0.333_fg0.3_allrx10_sunruns/hires_kin/broadband_150.fits	1	1.47	2	1	0	0	0.6045109212761806	-2.2614362968204595	3.8004616990729216	0.0678434629201085	0.007475104306677603	3.9763	0.40333079930689175
73	q0.333_fg0.3_allrx10_sunruns/hires_kin/broadband_170.fits	1	1.66	2	1	0	0	0.602260077951527	-2.291913865433242	4.102442686450768	0.07262000385104721	0.006698906465996367	3.9518	0.2724678453466883
74	q0.333_fg0.3_allrx10_sunruns/hires_kin/broadband_180.fits	1	1.76	2	1	0	0	0.5840807786495252	-2.2579901071654493	3.8151406868532254	0.020697138363176857	-0.004640769732991781	3.6935	0.3382214091897535
75	q0.333_fg0.3_allrx10_sunruns/hires_kin/broadband_190.fits	1	1.86	2	1	0	0	0.598013103559426	-1.9237713916094594	3.5536179824400143	0.049676684649502985	0.0013758781823319823	2.8213	0.3506117448579422
76	q0.333_fg0.3_allrx10_sunruns/hires_kin/broadband_220.fits	1	2.15	2	2	8.940962123532607	7.985093393423098	0.6071070070108779	-1.1593523718408674	4.265800357835422	0.19754027317608056	0.020261486190769576	6.4349	0.6398558330094712
77	q0.333_fg0.3_allrx10_sunruns/hires_kin/broadband_235.fits	1	2.3	2	2	14.11923961302452	9.043988469993193	0.5481177602099601	-2.1463472935031342	4.056029827544493	0.04453663774854327	-0.007044152427578195	3.6477	0.36127058350438673
78	q0.333_fg0.3_allrx10_sunruns/hires_kin/broadband_237.fits	1	2.32	2	2	13.94235216983772	10.858254084909671	0.5582214690816351	-2.2316834090657	3.9676794686431056	0.06097152643363237	-0.0026195395384065604	4.1191	0.2557432944963129
79	q0.333_fg0.3_allrx10_sunruns/hires_kin/broadband_240.fits	1	2.35	2	2	13.212885214609454	11.552607009693004	0.5497958103163856	-2.2388556279199876	3.8207360739744995	0.06569248588035859	-0.0026694631120795565	4.2162	0.2565525973405499
80	q0.333_fg0.3_allrx10_sunruns/hires_kin/broadband_242.fits	1	2.37	2	2	12.387066890062776	11.960793707516656	0.5663015333923624	-2.3040989701526695	3.9794369051891367	-0.004541429316775375	-0.005890605239598037	4.5615	0.2704521854178699
81	q0.333_fg0.3_allrx10_sunruns/hires_kin/broadband_245.fits	1	2.4	2	2	10.504329859898533	12.220247447100165	0.6038319588927695	-1.1345918579872176	4.354079366894744	0.03415279869883052	-0.0024162770704633427	4.9424	0.34666598145993244
82	q0.333_fg0.3_allrx10_sunruns/hires_kin/broadband_247.fits	1	2.42	2	2	8.677009956072315	11.35638219170636	0.624313185289506	-1.0565598564485101	4.56206368030415	0.08937077286178385	-0.06257102915120298	4.9339	0.6299465799223686
83	q0.333_fg0.3_allrx10_sunruns/hires_kin/broadband_250.fits	1	2.44	2	2	4.879511009767737	8.157554801325363	0.6034152422345238	-1.3100843919690475	3.8111739127329045	0.2126429689433594	0.01991399312134417	4.6866	0.695412719033005
84	q0.333_fg0.3_allrx10_sunruns/hires_kin/broadband_252.fits	1	2.46	2	1	0	0	0.5544104702372082	-2.1176135992933913	3.8232551408955273	0.12798056399984203	-0.0053597234337607845	3.405	0.3708978142664096
85	q0.333_fg0.3_allrx10_sunruns/hires_kin/broadband_255.fits	1	2.49	2	2	2.673291290193092	5.902010801718445	0.5344987489472428	-1.3589118346034146	2.93840783630338	0.2732747157608249	0.018185772454440016	1.7481	0.5199560064837716
86	q0.333_fg0.3_allrx10_sunruns/hires_kin/broadband_257.fits	1	2.51	2	2	1.7849848879690262	25.9250737191891	0.5844080984862224	-1.68488669722369	3.4002763465001236	0.2649359381019799	0.020090533644668732	3.3924	0.37525067607951856
87	q0.333_fg0.3_allrx10_sunruns/hires_kin/broadband_262.fits	1	2.56	2	1	0	0	0.5729231523531503	-2.0811400213671747	3.9661979554884583	0.2005628784498151	-0.005186015040823758	3.0348	0.5368231829815244
88	q0.333_fg0.3_allrx10_sunruns/hires_kin/broadband_265.fits	1	2.59	2	1	0	0	0.5791213686966831	-2.1817447666141447	4.113144512809001	0.09612211988119183	-0.007032070897906246	3.4902	0.27239261976908175
89	q0.333_fg0.3_allrx10_sunruns/hires_kin/broadband_270.fits	1	2.64	2	1	0	0	0.5771515859743953	-1.9460016765388182	4.15318913980279	0.12248922877218987	0.0007758789246432701	3.4413	0.24788514159375713
90	q0.333_fg0.3_allrx10_sunruns/hires_kin/broadband_275.fits	1	2.69	2	1	0	0	0.6100092236800878	-2.041218133930853	4.450795931198192	0.08945209263152132	-0.005907912541984325	5.0112	0.41002754961695875
91	q0.333_fg0.3_allrx10_sunruns/hires_kin/broadband_280.fits	1	2.74	2	1	0	0	0.6359590904216355	-2.343711051147083	4.050683714285242	0.10769795439001432	0.004431117646048772	5.0088	0.5379025971605805
92	q0.333_fg0.3_allrx10_sunruns/hires_kin/broadband_285.fits	1	2.79	2	1	0	0	0.5745250474631525	-2.222886303252293	4.09352712019749	0.08853458463198029	0.0027792824064446484	4.9824	0.42397120396878824
93	q0.333_fg0.3_allrx10_sunruns/hires_kin/broadband_287.fits	1	2.84	2	1	0	0	0.5869336118247065	-2.274684400144638	4.27098729856635	0.07435520104236668	-0.005097766173266329	4.9291	0.2233018857262177
94	q0.333_fg0.3_allrx10_sunruns/hires_kin/broadband_288.fits	1	2.93	2	1	0	0	0.6056067101813671	-2.3333168821354673	4.325597159633935	0.02023397732284389	-0.0026252377822751053	4.3153	0.19278109250038206
95	q0.333_fg0.3_allrx10_sunruns/hires_kin/broadband_289.fits	1	3.03	2	1	0	0	0.6112862965970516	-2.3253088058372033	4.491341438007445	0.01576223751936839	-0.024752449792925218	4.4097	0.39594503628708255
96	q0.333_fg0.3_allrx10_sunruns/hires_kin/broadband_290.fits	1	3.13	2	1	0	0	0.5856419467692582	-2.3008777776313734	4.167081844717753	0.033134023130732895	0.005301264169547671	4.9821	0.27441614070751025
97	q0.333_fg0.3_allrx10_sunruns/hires_kin/broadband_295.fits	1	3.62	2	1	0	0	0.5990369573241698	-2.347437675738056	4.261174639926932	-0.014931723564467854	-0.008983483484560016	4.2204	0.15405248521045867
98	q0.333_fg0.3_allrx10_sunruns/hires_kin_early_cen1/broadband_020.fits	1	0.2	3	1	0	0	0.47689245366663024	-1.750509060036686	2.631541307461667	0.0058624071478922315	0.008836200471203978	0.8804	0.07687664489499893
99	q0.333_fg0.3_allrx10_sunruns/hires_kin_early_cen1/broadband_040.fits	1	0.39	3	2	10.656156522157634	5.356486318772051	0.5572560987536492	-1.4096146468393334	3.1560701155983386	0.2312830272054662	0.04941091647615411	0.85	0.367164597127733
100	q0.333_fg0.3_allrx10_sunruns/hires_kin_early_cen1/broadband_080.fits	1	0.78	3	1	0	0	0.6202062058111114	-2.295580846754137	3.864719476637677	0.14274952144321426	0.013213364959025925	8.6038	0.6545581551558799
101	q0.333_fg0.3_allrx10_sunruns/hires_kin_early_cen1/broadband_120.fits	1	1.17	3	1	0	0	0.544349420800713	-2.1555013435615433	4.368825535289075	0.06419787191841786	0.006336057096261546	10.394	0.2730413728043427
102	q0.333_fg0.3_allrx10_sunruns/hires_kin_early_cen1/broadband_140.fits	1	1.37	3	1	0	0	0.5602219884067307	-2.49657664693987	4.478087429895703	0.1619535111994401	0.0028996721023309387	15.499	0.41047638395472213
103	q0.333_fg0.3_allrx10_sunruns/hires_kin/broadband_150.fits	1	1.47	3	1	0	0	0.5954455301580599	-2.495965342240436	4.879719124806943	0.09655631341135054	0.009910637661112593	16.067	0.3546924265212304
104	q0.333_fg0.3_allrx10_sunruns/hires_kin/broadband_170.fits	1	1.66	3	1	0	0	0.6326674933150024	-2.1160309363105356	4.295761962781243	0.17482912325424801	0.005583928524493046	10.429	0.6266887406750495
105	q0.333_fg0.3_allrx10_sunruns/hires_kin/broadband_190.fits	1	1.86	3	2	14.06834723373324	10.642410339320604	0.6071626883706766	-2.13234168954643	4.18040461247511	0.07411745400239123	0.005232339987329714	5.7908	0.5324216630404734
106	q0.333_fg0.3_allrx10_sunruns/hires_kin/broadband_210.fits	1	2.05	3	2	4.467117248075724	10.805378890056764	0.617544193647668	-1.6807335188513426	4.132824151137311	0.2607046524072928	0.036764230592602434	6.8972	0.6010231181431614
107	q0.333_fg0.3_allrx10_sunruns/hires_kin/broadband_220.fits	1	2.15	3	2	8.504620944521882	14.092887984218756	0.6100615846486244	-1.2168437544005117	4.242617013733854	0.2885898265184182	-0.023047921561783393	9.3669	0.7277742016915677
108	q0.333_fg0.3_allrx10_sunruns/hires_kin/broadband_245.fits	1	2.4	3	2	7.172313632778801	13.135300115464933	0.6288989325921547	-1.7091906813014877	4.751259410521145	0.1582391953586808	-0.003106351410601469	6.5565	0.5470319486022409
109	q0.333_fg0.3_allrx10_sunruns/hires_kin/broadband_247.fits	1	2.42	3	2	5.641446134636057	10.363823305021974	0.6060041180018699	-1.6773749004731513	4.453833338639022	0.23732477120697715	0.012150841894120495	6.0742	0.5746479136540181
110	q0.333_fg0.3_allrx10_sunruns/hires_kin/broadband_250.fits	1	2.44	3	2	2.7592040094120605	4.456152038303376	0.5545476103105309	-1.756661312210071	2.8093990525344363	0.5673705015941469	0.028501671154097307	4.9051	0.18917176897244403
111	q0.333_fg0.3_allrx10_sunruns/hires_kin/broadband_252.fits	1	2.46	3	1	0	0	0.5893511938041919	-2.0381214358500426	3.9115309762581503	0.06968206580496233	-0.006424785247539596	3.0594	0.5873742726323722
112	q0.333_fg0.3_allrx10_sunruns/hires_kin/broadband_255.fits	1	2.49	3	1	0	0	0.5894076521858399	-1.9735201911280122	3.4953325651445804	0.1897578894736971	0.007581661554709248	2.3198	0.4248689465249953
113	q0.333_fg0.3_allrx10_sunruns/hires_kin/broadband_257.fits	1	2.51	3	1	0	0	0.5525424181069171	-1.722062561568034	3.658482802653402	0.2738904759359834	-0.0013236697600299387	2.8465	0.6193580825513448
114	q0.333_fg0.3_allrx10_sunruns/hires_kin/broadband_262.fits	1	2.56	3	1	0	0	0.5716673913281103	-1.8210292668922659	4.028827471226197	0.2603708873085984	-0.019247251780147065	3.3781	0.7267525255851498
115	q0.333_fg0.3_allrx10_sunruns/hires_kin/broadband_265.fits	1	2.59	3	1	0	0	0.6127110250481083	-2.142253130107591	4.327640156352634	0.14023592380539926	-0.022381274710236217	3.756	0.5636801704675849
116	q0.333_fg0.3_allrx10_sunruns/hires_kin/broadband_270.fits	1	2.64	3	1	0	0	0.5889432213249124	-1.9283706966440253	4.350228096311036	0.19419588061729545	0.006648311338470984	5.3925	0.3638321357043959
117	q0.333_fg0.3_allrx10_sunruns/hires_kin/broadband_275.fits	1	2.69	3	1	0	0	0.5936135522692968	-2.01287826159225	4.4655075446791175	0.11872908195601842	-0.011686022019779564	5.038	0.4444074700317495
118	q0.333_fg0.3_allrx10_sunruns/hires_kin/broadband_280.fits	1	2.74	3	1	0	0	0.6313566413619973	-2.2222878026279345	3.888363845408752	0.13070173636517549	0.009311571989524522	3.8828	0.5335678775523787
119	q0.333_fg0.3_allrx10_sunruns/hires_kin/broadband_285.fits	1	2.79	3	1	0	0	0.5636033825724746	-2.2222859188617132	3.9055092079490636	0.05542824437737365	-0.004289601605266398	3.9025	0.47143757309634937
120	q0.333_fg0.3_allrx10_sunruns/hires_kin/broadband_287.fits	1	2.84	3	1	0	0	0.5790179279829093	-2.2994721919527086	4.027967526124245	0.06751160773413654	-0.005585636166928879	3.763	0.1599331595244887
121	q0.333_fg0.3_allrx10_sunruns/hires_kin/broadband_288.fits	1	2.93	3	1	0	0	0.5829967838759169	-2.2553048657240153	4.191537381045113	0.032376115610131775	-0.00774775083115245	4.0995	0.11354201168397403
122	q0.333_fg0.3_allrx10_sunruns/hires_kin/broadband_290.fits	1	3.13	3	1	0	0	0.5699755669339523	-2.2269895849034613	3.9572899955277157	0.07151772659543466	-0.0035691671886444484	3.8034	0.3377017465258245
123	q0.333_fg0.3_allrx10_sunruns/hires_kin/broadband_295.fits	1	3.62	3	1	0	0	0.5704299329369468	-2.309902085265088	4.120021422438722	-0.011361198040298205	-0.0035326851721739438	4.2592	0.15660235743770395
124	q0.333_fg0.3_allrx10_sunruns/hires_kin/broadband_305.fits	1	4.6	3	1	0	0	0.5439187461274047	-2.2889960109839818	3.996214366291812	-0.042896142961621725	-0.014222493755584974	4.1368	0.09467866899138662
125	q0.333_fg0.3_allrx10_sunruns/hires_kin_early_cen1/broadband_020.fits	1	0.2	4	1	0	0	0.4871014249004154	-1.7674313996964164	2.643087605847067	0.0032872624091540136	0.0062953476864619565	0.912	0.09395194662526463
126	q0.333_fg0.3_allrx10_sunruns/hires_kin_early_cen1/broadband_070.fits	1	0.68	4	1	0	0	0.5740057153103318	-2.4825038157549515	4.632692100565667	0.1806823392030077	0.016245330946676215	19.987	0.5296784738011833
127	q0.333_fg0.3_allrx10_sunruns/hires_kin_early_cen1/broadband_080.fits	1	0.78	4	1	0	0	0.6064117798380814	-2.3715766918826557	4.728457303203723	0.14792964132834965	0.027663188365729757	15.446	0.5455251684623573
128	q0.333_fg0.3_allrx10_sunruns/hires_kin_early_cen1/broadband_100.fits	1	0.98	4	1	0	0	0.5700673145092108	-2.6522894528515337	4.903094856551139	0.1258071617047382	0.004171867231359433	19.998	0.35240714272750523
129	q0.333_fg0.3_allrx10_sunruns/hires_kin_early_cen1/broadband_120.fits	1	1.17	4	1	0	0	0.547703127728438	-2.299875382127336	4.438229306089109	0.09839782502205476	0.006952358644885819	14.092	0.39606713945916455
130	q0.333_fg0.3_allrx10_sunruns/hires_kin_early_cen1/broadband_140.fits	1	1.37	4	1	0	0	0.5731652388595243	-2.5557939803890894	4.890037508716441	0.1525113877825212	0.00724937215745028	19.959	0.45811031622392606
131	q0.333_fg0.3_allrx10_sunruns/hires_kin/broadband_150.fits	1	1.47	4	1	0	0	0.5919543287342373	-2.5234556636985768	4.807168568317946	0.11288423343084347	0.0037033091787007787	17.46	0.30217933094653004
132	q0.333_fg0.3_allrx10_sunruns/hires_kin/broadband_170.fits	1	1.66	4	2	3.333767170767769	3.643510286670969	0.5748284561687467	-2.2443926864911967	5.067064522118738	0.1266611847775258	-0.05810145433149458	7.0904	0.5593045561516096
133	q0.333_fg0.3_allrx10_sunruns/hires_kin/broadband_180.fits	1	1.76	4	1	0	0	0.5704772707134168	-2.4444353121290225	4.380092012085975	0.08779515381003383	0.004598917213973323	8.1385	0.2211647357906249
134	q0.333_fg0.3_allrx10_sunruns/hires_kin/broadband_190.fits	1	1.86	4	1	0	0	0.621223493607378	-2.1928584112039764	4.606873110650955	0.013158957016768577	-0.029706974102087128	5.9999	0.5800920442302895
135	q0.333_fg0.3_allrx10_sunruns/hires_kin/broadband_230.fits	1	2.25	4	1	0	0	0.600263581832106	-2.3659979166275256	4.4564586569086115	0.045547101571970894	-0.0020805513502597994	5.2065	0.19919173201581936
136	q0.333_fg0.3_allrx10_sunruns/hires_kin/broadband_235.fits	1	2.3	4	1	0	0	0.5925883868092646	-2.419061080238413	4.529381884584858	0.02772218301828263	0.0002909971813607248	5.5334	0.14162707877852584
137	q0.333_fg0.3_allrx10_sunruns/hires_kin/broadband_237.fits	1	2.32	4	1	0	0	0.5899609296859162	-2.454418010216368	4.571042075580218	0.028103602162905018	0.00020611190839764417	5.7611	0.19183824089287416
138	q0.333_fg0.3_allrx10_sunruns/hires_kin/broadband_240.fits	1	2.35	4	1	0	0	0.5905428365182472	-2.4913869896323115	4.575741659489914	0.0385999980750959	-0.0008739628349733668	6.2729	0.15879498852188978
139	q0.333_fg0.3_allrx10_sunruns/hires_kin/broadband_242.fits	1	2.37	4	1	0	0	0.6117509391030493	-2.5384446771849	4.652161075692059	0.03311277408874483	-0.0052781497617865455	6.0406	0.17626058659463775
140	q0.333_fg0.3_allrx10_sunruns/hires_kin/broadband_245.fits	1	2.4	4	2	14.450251465901157	13.600660503742267	0.5956953798005207	-2.3840522472904744	4.566177001490673	0.011424425753376873	-0.005278270996798986	6.1485	0.28090739186725333
141	q0.333_fg0.3_allrx10_sunruns/hires_kin/broadband_250.fits	1	2.44	4	2	6.259456983925302	4.200683878149309	0.6098999315115802	-1.6023666223458244	4.702751536001627	0.224346340609171	0.03673502595823589	5.1041	0.4641688013850239
142	q0.333_fg0.3_allrx10_sunruns/hires_kin/broadband_255.fits	1	2.49	4	2	3.2286032153583473	24.726349296057965	0.5665776755908392	-1.5365102289447876	3.4200790202325186	0.2983449767258922	0.02552133243232639	3.669	0.5465197768538196
143	q0.333_fg0.3_allrx10_sunruns/hires_kin/broadband_257.fits	1	2.51	4	2	2.4746364323314745	42.626531916612116	0.5867692651017541	-1.5178335779985899	3.7681395806426785	0.3482899414519425	0.028341247697768846	5.7807	0.6671819854343942
144	q0.333_fg0.3_allrx10_sunruns/hires_kin/broadband_262.fits	1	2.56	4	1	0	0	0.6135454044631291	-1.9073382456365373	4.252325360593631	0.16473333858706538	-0.03228509508973239	3.3667	0.7867681267454937
145	q0.333_fg0.3_allrx10_sunruns/hires_kin/broadband_265.fits	1	2.59	4	1	0	0	0.6043435226697474	-2.309605900316058	4.262984716859097	0.17771573580585945	-0.0034175142544930976	5.0149	0.2686374703674385
146	q0.333_fg0.3_allrx10_sunruns/hires_kin/broadband_270.fits	1	2.64	4	1	0	0	0.6164741089890723	-2.034519929056589	4.54016764691708	0.1909789966154295	-0.0008383690383889776	6.2508	0.48223280539633034
147	q0.333_fg0.3_allrx10_sunruns/hires_kin/broadband_275.fits	1	2.69	4	1	0	0	0.6398449344200793	-2.170324652199811	4.73402038496771	0.11066427591840086	-0.015557567195682338	5.3268	0.5975797786897385
148	q0.333_fg0.3_allrx10_sunruns/hires_kin/broadband_280.fits	1	2.74	4	1	0	0	0.6255484928079142	-2.3301338732599324	4.438023547067446	0.14456828176344583	-0.0056120565486123845	5.1537	0.4770796135732537
149	q0.333_fg0.3_allrx10_sunruns/hires_kin/broadband_285.fits	1	2.79	4	1	0	0	0.6130635600161033	-2.328789396727363	4.431538221370012	0.08907355375682671	-0.0025517493027344997	5.3169	0.21681778697774765
150	q0.333_fg0.3_allrx10_sunruns/hires_kin/broadband_287.fits	1	2.84	4	1	0	0	0.6319399679212715	-2.3650520621969653	4.424713536604415	0.081438162166355	0.0015785307671128412	4.8033	0.40129774284737607
151	q0.333_fg0.3_allrx10_sunruns/hires_kin/broadband_288.fits	1	2.93	4	1	0	0	0.6139229085338936	-2.315131250284888	4.281220287183908	0.04567572397666864	-0.005775164660993908	4.419	0.19901389696598498
152	q0.333_fg0.3_allrx10_sunruns/hires_kin/broadband_289.fits	1	3.03	4	1	0	0	0.6275429130823336	-2.4435341775322246	4.446439258089982	0.03897440017976754	-0.004977204762051767	4.35	0.31665867071518056
153	q0.333_fg0.3_allrx10_sunruns/hires_kin/broadband_290.fits	1	3.13	4	1	0	0	0.6199131660731011	-2.353280427540499	4.409452320155411	0.02113281762221891	-0.00665825475608591	4.1876	0.11394352408413543
154	q0.333_fg0.3_allrx10_sunruns/hires_kin/broadband_295.fits	1	3.62	4	1	0	0	0.6188255980968589	-2.3846311828190765	4.29951619880775	-0.02041949600140824	-0.01748569873894991	3.8753	0.23477996740791335
155	q0.333_fg0.3_allrx10_sunruns/hires_kin_early_cen1/broadband_020.fits	1	0.2	5	1	0	0	0.4749965923026597	-1.7342437172008096	2.6265467728389504	-0.0337075179562737	0.0025949947825978366	0.8392	0.07149943172029703
156	q0.333_fg0.3_allrx10_sunruns/hires_kin_early_cen1/broadband_040.fits	1	0.39	5	2	8.685142911636852	4.108090477225606	0.5160169855427615	-1.2789644145609433	3.188443270013691	0.28360699895766694	-0.0037497106263161017	0.7775	0.5022296728088583
157	q0.333_fg0.3_allrx10_sunruns/hires_kin_early_cen1/broadband_070.fits	1	0.68	5	1	0	0	0.5539768760627376	-2.209816925649186	3.8345873197625706	0.20248654306203537	0.013465970981522931	5.3125	0.3089657391985734
158	q0.333_fg0.3_allrx10_sunruns/hires_kin_early_cen1/broadband_080.fits	1	0.78	5	1	0	0	0.5906333212783083	-2.32645490633797	3.9617294639277163	0.13040988444760004	0.01870058652521713	4.7664	0.2911131315739648
159	q0.333_fg0.3_allrx10_sunruns/hires_kin_early_cen1/broadband_100.fits	1	0.98	5	1	0	0	0.5604146173554041	-2.3412034085033	3.9361542089688943	0.1245137386448192	0.008702140869963399	7.5944	0.2367572133247715
160	q0.333_fg0.3_allrx10_sunruns/hires_kin_early_cen1/broadband_120.fits	1	1.17	5	1	0	0	0.4875449099256269	-2.027252701706949	3.387081196622039	0.14417801632669427	0.00281567520322947	3.2863	0.34074648291931986
161	q0.333_fg0.3_allrx10_sunruns/hires_kin_early_cen1/broadband_140.fits	1	1.37	5	1	0	0	0.549630753478026	-2.410455430199786	4.2117949659943985	0.1157612972647067	0.00519276008351055	6.8146	0.4443624860978943
162	q0.333_fg0.3_allrx10_sunruns/hires_kin/broadband_150.fits	1	1.47	5	1	0	0	0.6138523846847712	-2.2960322419747405	3.86942781669065	0.08461367569493657	0.0025741703738762518	6.1061	0.2223297908464885
163	q0.333_fg0.3_allrx10_sunruns/hires_kin/broadband_170.fits	1	1.66	5	1	0	0	0.5880026886076285	-2.2779012750178196	4.063880055169684	0.055259901972285703	0.0016094810671411306	4.531	0.33939697699751353
164	q0.333_fg0.3_allrx10_sunruns/hires_kin/broadband_180.fits	1	1.76	5	1	0	0	0.5908101510265644	-2.1943478809224186	3.6188883826242932	0.03709376127111099	0.005874949580784919	2.8801	0.3902732240337724
165	q0.333_fg0.3_allrx10_sunruns/hires_kin/broadband_190.fits	1	1.86	5	1	0	0	0.5935872063439435	-1.8913329997727417	3.727344478151538	0.06827842991209318	-0.005140817722640872	2.4821	0.30890686359302627
166	q0.333_fg0.3_allrx10_sunruns/hires_kin/broadband_210.fits	1	2.05	5	2	11.039081603356143	2.6131238875006897	0.613701329013713	-0.6785272955762532	2.5109883825733412	0.6198455967616565	0.13122601807427606	2.4761	0.3850325768939403
167	q0.333_fg0.3_allrx10_sunruns/hires_kin/broadband_220.fits	1	2.15	5	2	12.47948804799302	2.580833575142243	0.6213143812764735	-0.5923226512875409	2.2207192103016764	0.5497179136575442	0.07236418426136004	2.1019	0.5485099777354756
168	q0.333_fg0.3_allrx10_sunruns/hires_kin/broadband_235.fits	1	2.3	5	1	0	0	0.47535894966073766	-1.5803997423496663	2.4195519967402777	0.08141177345318953	0.0	2.0129	0.20697821117987728
169	q0.333_fg0.3_allrx10_sunruns/hires_kin/broadband_247.fits	1	2.42	5	2	10.54375565743116	4.220850791798842	0.6225555738383447	-0.5578261668321584	1.9254727156558762	0.47697873372464716	0.10325745360731343	2.3586	0.4185309123704171
170	q0.333_fg0.3_allrx10_sunruns/hires_kin/broadband_250.fits	1	2.44	5	2	5.64450768271936	3.0922884620161954	0.6079499055515601	-0.7876259557324288	2.527536218802717	0.36067952700576955	0.09725086076970861	1.9494	0.2417144003396904
171	q0.333_fg0.3_allrx10_sunruns/hires_kin/broadband_252.fits	1	2.46	5	1	0	0	0.5891201198023251	-1.9092170179416743	3.870333917508769	-0.022332732768784183	-0.13197924317334303	1.518	0.2532078854194421
172	q0.333_fg0.3_allrx10_sunruns/hires_kin/broadband_255.fits	1	2.49	5	2	3.079797687664643	1.4859356422870065	0.5808965668471627	-1.3214937829568119	3.102884692885675	0.13095312992481214	0.03518426460796366	0.9161	0.31402643482173936
173	q0.333_fg0.3_allrx10_sunruns/hires_kin/broadband_257.fits	1	2.51	5	1	0	0	0.5861070280418279	-1.4075699411049911	3.3370006237833447	0.09611854025908237	-0.00534189207659599	1.0822	0.2684446089068878
174	q0.333_fg0.3_allrx10_sunruns/hires_kin/broadband_262.fits	1	2.56	5	1	0	0	0.5493315085936369	-1.7829165029587613	3.5142117439460687	0.04314212245741056	-0.010976860606909002	1.3677	0.3138114228825402
175	q0.333_fg0.3_allrx10_sunruns/hires_kin/broadband_265.fits	1	2.59	5	1	0	0	0.5670070182169292	-1.9474051069494898	3.208458269323561	0.05520517835955292	0.005406102905889611	1.1243	0.37724257797144806
176	q0.333_fg0.3_allrx10_sunruns/hires_kin/broadband_270.fits	1	2.64	5	1	0	0	0.5711934927833867	-1.913894802438705	3.272895919596958	0.03509757083871735	0.003556555850019392	1.1528	0.47272051592369413
177	q0.333_fg0.3_allrx10_sunruns/hires_kin/broadband_275.fits	1	2.69	5	1	0	0	0.5684386600466323	-1.735527063760453	3.536725765081625	0.01045278474067814	-0.03700240605866033	1.3777	0.4332019509571124
178	q0.333_fg0.3_allrx10_sunruns/hires_kin/broadband_280.fits	1	2.74	5	1	0	0	0.5510414773994031	-1.8808599199453024	3.530819002431851	0.07911264522544528	-0.0263667600614428	1.5975	0.19921160506289678
179	q0.333_fg0.3_allrx10_sunruns/hires_kin/broadband_285.fits	1	2.79	5	1	0	0	0.548689664373085	-1.8501127215405384	3.5701581122466015	0.011234995155659693	-0.11993403907577167	1.4611	0.37347187068644894
180	q0.333_fg0.3_allrx10_sunruns/hires_kin/broadband_287.fits	1	2.84	5	1	0	0	0.5651970750199014	-1.9092853431533834	3.543243507427759	0.0221039850602717	-0.015459855521711264	1.442	0.31474563589032145
181	q0.333_fg0.3_allrx10_sunruns/hires_kin/broadband_288.fits	1	2.93	5	1	0	0	0.5965352125823733	-1.9643848048605377	3.5893028076321247	-0.1123153562777093	-0.010463932267076759	1.7017	0.19613379286782817
182	q0.333_fg0.3_allrx10_sunruns/hires_kin/broadband_289.fits	1	3.03	5	1	0	0	0.5751367584708292	-1.9049242061039868	3.503955253492266	-0.033407108530186656	-0.09717367243349778	1.278	0.2872523466773947
183	q0.333_fg0.3_allrx10_sunruns/hires_kin_early_cen1/broadband_020.fits	1	0.2	6	1	0	0	0.5660571225483574	-1.545774024760018	3.214026238573784	-0.028908267275532796	0.0620039195618119	0.5197	0.06943640482228991
184	q0.333_fg0.3_allrx10_sunruns/hires_kin_early_cen1/broadband_040.fits	1	0.39	6	2	11.780607098579923	1.2988529946068408	0.5893509646489787	-0.8143171203529181	2.0291605057212174	0.4516104492777247	0.05978551211289725	0.5477	0.6692551947193256
185	q0.333_fg0.3_allrx10_sunruns/hires_kin_early_cen1/broadband_070.fits	1	0.68	6	1	0	0	0.6715530808550539	-1.9938715427413567	3.5428516466530984	0.12714580501482098	0.03267521824802963	1.4357	0.540517237477153
186	q0.333_fg0.3_allrx10_sunruns/hires_kin_early_cen1/broadband_080.fits	1	0.78	6	1	0	0	0.6343276323591045	-2.013835692830436	3.3152826431012707	0.10408287865166249	0.025656568861475552	1.962	0.35349989423649836
187	q0.333_fg0.3_allrx10_sunruns/hires_kin_early_cen1/broadband_100.fits	1	0.98	6	1	0	0	0.5023161252771104	-2.026001940535068	3.434873592860501	0.09279046769708026	0.0286284185775574	1.6833	0.555495214436698
188	q0.333_fg0.3_allrx10_sunruns/hires_kin_early_cen1/broadband_120.fits	1	1.17	6	1	0	0	0.5822136523306775	-2.0051952808244264	3.7079383556119256	0.04527524592657582	0.03001467833912116	1.6699	0.21796512144167396
189	q0.333_fg0.3_allrx10_sunruns/hires_kin_early_cen1/broadband_140.fits	1	1.37	6	1	0	0	0.5811964582236392	-1.9328227517737389	3.4256742153800026	0.07695349503317828	0.01967925473901032	1.645	0.667694634736227
190	q0.333_fg0.3_allrx10_sunruns/hires_kin/broadband_150.fits	1	1.47	6	1	0	0	0.5920615300217704	-2.084621279665529	3.8023168380654844	0.04150417102869019	0.04085525581313249	1.7596	0.2138452461021718
191	q0.333_fg0.3_allrx10_sunruns/hires_kin/broadband_170.fits	1	1.66	6	1	0	0	0.5984803616259552	-1.7234923035699166	3.440097050724531	0.16811372455939244	0.0017912663675754685	1.7917	0.21992801835750697
192	q0.333_fg0.3_allrx10_sunruns/hires_kin/broadband_180.fits	1	1.76	6	1	0	0	0.5728036392721852	-1.949392734586136	3.5360185608981	0.04784239216006856	0.017576462838660326	1.5174	0.15536627351770724
193	q0.333_fg0.3_allrx10_sunruns/hires_kin/broadband_190.fits	1	1.86	6	1	0	0	0.5693977968113502	-1.951427781720489	3.66698814579621	0.000398199187387743	0.018804866480915075	1.681	0.10567509801107595
194	q0.333_fg0.3_allrx10_sunruns/hires_kin/broadband_210.fits	1	2.05	6	2	0	0	0.62812991258832	-0.9358750044887549	1.5667218969579788	0.6588793372994028	0.09362891969355568	1.7949	0.9517398416997113
195	q0.333_fg0.3_allrx10_sunruns/hires_kin/broadband_220.fits	1	2.15	6	2	7.908520954922273	1.007024414956869	0.5616915188279641	-0.7866506885815615	3.3580276177547095	0.34993044474641394	-0.0034024144629821867	1.9773	0.7557182226787372
196	q0.333_fg0.3_allrx10_sunruns/hires_kin/broadband_240.fits	1	2.35	6	2	9.001117827186198	3.895112449463538	0.6301770285914017	-0.5752578321377483	3.511005029536414	0.29904533876216866	0.00947076487073572	1.6435	0.5963194231400897
197	q0.333_fg0.3_allrx10_sunruns/hires_kin/broadband_242.fits	1	2.37	6	2	8.243067856959852	3.9891466293795332	0.6043086504748293	-0.595424008655445	3.8525212311995567	0.3910090070206254	0.06613278728764321	1.6857	0.6025690239124716
198	q0.333_fg0.3_allrx10_sunruns/hires_kin/broadband_245.fits	1	2.4	6	2	6.730489772111697	3.284883714032955	0.5881217124847846	-0.6811678884799914	3.3358201909348444	0.4039628775986867	0.03391755705714159	1.5085	0.5058771120934851
199	q0.333_fg0.3_allrx10_sunruns/hires_kin/broadband_247.fits	1	2.42	6	2	5.6008538101346765	2.8710450028644736	0.5675282228953307	-0.7419588478430438	2.838783991862577	0.4361516619744011	0.07245060333342193	1.2976	0.3799902477443149
200	q0.333_fg0.3_allrx10_sunruns/hires_kin/broadband_250.fits	1	2.44	6	2	3.215047210470726	2.6804024115654688	0.5440098661918153	-1.1022136392914719	2.550923899640246	0.2880505124114888	0.07035597803892782	1.0913	0.2275612000349981
201	q0.333_fg0.3_allrx10_sunruns/hires_kin/broadband_252.fits	1	2.46	6	1	0	0	0.553872271052654	-1.8913674674806062	3.5759174572173684	0.021184075658546603	-0.019833870288416565	1.0878	0.34207954303311167
202	q0.333_fg0.3_allrx10_sunruns/hires_kin/broadband_255.fits	1	2.49	6	1	0	0	0.5417634872185038	-1.360169083605799	2.9422715027439033	0.09494872633253935	0.020005343848654617	0.8961	0.49292223845597105
203	q0.333_fg0.3_allrx10_sunruns/hires_kin/broadband_257.fits	1	2.51	6	1	0	0	0.533082667506503	-1.5399966754230126	3.221223744499922	0.01632787741855969	-0.0944795222282021	1.0308	0.399339163244265
204	q0.333_fg0.3_allrx10_sunruns/hires_kin/broadband_262.fits	1	2.56	6	1	0	0	0.5528342859425389	-1.4729352434888505	3.507358639678139	0.08985582488563097	-0.17156618815580824	1.2099	0.49178089173596634
205	q0.333_fg0.3_allrx10_sunruns/hires_kin/broadband_265.fits	1	2.59	6	1	0	0	0.5897100670873134	-1.9382925792554149	3.9467464448294094	0.042614873298609024	-0.04931547181984256	2.0505	0.5213065322647202
206	q0.333_fg0.3_allrx10_sunruns/hires_kin/broadband_270.fits	1	2.64	6	1	0	0	0.6032068477542797	-2.0372395864872495	3.5791088346479007	0.041879597284404595	-0.003155519563458197	1.65	0.2914506711035663
207	q0.333_fg0.3_allrx10_sunruns/hires_kin/broadband_275.fits	1	2.69	6	1	0	0	0.5942604047336271	-2.0156226811847695	3.734655365116642	0.0433143496242383	-0.10585422174679361	2.1248	0.20378262445523895
208	q0.333_fg0.3_allrx10_sunruns/hires_kin/broadband_280.fits	1	2.74	6	1	0	0	0.5711759326638481	-1.9566499762237337	3.6340578588436427	0.053177738108042175	-0.02680727867509316	1.926	0.1878932798089894
209	q0.333_fg0.3_allrx10_sunruns/hires_kin/broadband_285.fits	1	2.79	6	1	0	0	0.590217371405444	-1.9117524269362467	3.5033917329861657	0.019094500479424792	-0.0050001249114087565	1.9002	0.30223209583955973
210	q0.333_fg0.3_allrx10_sunruns/hires_kin/broadband_287.fits	1	2.84	6	1	0	0	0.5799858085615571	-1.9109034851151045	3.448958013012379	0.013282619512160757	-0.009780923253663575	1.7602	0.30337533717643156
211	q0.333_fg0.3_allrx10_sunruns/hires_kin/broadband_288.fits	1	2.93	6	1	0	0	0.5705798623870579	-1.9559259488468386	3.5999462559548094	0.004585534483456795	-0.05149998012513608	1.7927	0.1467489869378656
212	q0.333_fg0.3_allrx10_sunruns/hires_kin/broadband_289.fits	1	3.03	6	1	0	0	0.566208133737144	-2.0197653648292677	3.6309982972645516	-0.0476105966930148	-0.03715402358720705	1.8596	0.1640697270870139
213	q0.333_fg0.3_allrx10_sunruns/hires_kin/broadband_290.fits	1	3.13	6	1	0	0	0.5942832605634264	-2.044410051931217	3.525339513198566	-0.0076913070508950136	-0.007604693674283525	2.1179	0.1205649427844869
214	q0.333_fg0.3_allrx10_sunruns/hires_kin/broadband_295.fits	1	3.62	6	1	0	0	0.5589041448569884	-1.9556695549499532	3.5084531375869066	-0.010528250573205528	0.010474645565986995	1.7046	0.12135427058065758
215	q0.333_fg0.3_allrx10_sunruns/hires_kin/broadband_305.fits	1	4.6	6	1	0	0	0.5776796688779073	-2.126901206929483	3.7485609072933834	-0.05518133386863239	-0.008670610478746897	2.4316	0.08768604135476255
19	isolated_galaxies/m1_fg0.3/rot_45/broadband_005.fits	0	0.05	0	1	0	0	0.4899555988825118	-1.7785480949644947	2.774992048764341	-0.022194289369753546	0.0010144194092682522	0.9126	0.06942691929003172
20	isolated_galaxies/m1_fg0.3/rot_45/broadband_010.fits	0	0.1	0	1	0	0	0.5036087548504935	-1.719191705202389	2.6843024164858265	-0.027492265413123596	0.00043716657431278077	0.8429	0.0666241038464834
21	isolated_galaxies/m1_fg0.3/rot_45/broadband_020.fits	0	0.2	0	1	0	0	0.48134354568326954	-1.7468867000787134	2.637183691034905	0.006321843144620391	0.006388097353356699	0.8777	0.06194474465194599
22	isolated_galaxies/m1_fg0.3/rot_45/broadband_030.fits	0	0.29	0	1	0	0	0.5170811716035494	-1.7716023325573844	2.726320644174412	-0.010333944028661845	0.0064678711052831095	0.8532	0.08002608703770824
23	isolated_galaxies/m1_fg0.3/rot_45/broadband_040.fits	0	0.39	0	1	0	0	0.47595848762618104	-1.726817299931525	2.6265344471365113	-0.0014743560405929674	0.005370325155991701	0.8781	0.05641117367889405
24	isolated_galaxies/m1_fg0.3/rot_45/broadband_050.fits	0	0.49	0	1	0	0	0.4737606896484809	-1.7182889100618641	2.6996297370394	0.03538809002150238	0.011409467985953645	0.8977	0.12451572154437648
25	isolated_galaxies/m1_fg0.3/rot_45/broadband_060.fits	0	0.59	0	1	0	0	0.5139769291357225	-1.7616607616222562	2.7160077058190923	0.04607870082042507	0.013059433435258082	0.9369	0.07913116644670617
26	isolated_galaxies/m1_fg0.3/rot_45/broadband_100.fits	0	0.98	0	1	0	0	0.5209760998114571	-1.74577638528555	2.7069160242916492	0.07408657893919458	0.015874612300586063	0.9557	0.13143866051237732
27	isolated_galaxies/m1_fg0.3/rot_45/broadband_200.fits	0	1.96	0	1	0	0	0.5212075900095943	-1.827443636007032	2.8863103889929786	0.07165931830448875	0.014520150657230712	1.4196	0.13404329696180114
57	isolated_galaxies/m1_fg0.3/rot_45/broadband_005.fits	0	0.05	1	1	0	0	0.4759814551973738	-1.7539788293975176	2.7859822392577565	-0.02824293277146879	-0.0021567400115218914	0.8676	0.08336219826859528
58	isolated_galaxies/m1_fg0.3/rot_45/broadband_010.fits	0	0.1	1	1	0	0	0.502001990551492	-1.686507961651021	2.6943035286064787	-0.017861264846351865	0.0034555592439047362	0.7987	0.05386730504883327
59	isolated_galaxies/m1_fg0.3/rot_45/broadband_020.fits	0	0.2	1	1	0	0	0.46178600107219614	-1.6873651347122667	2.6696315585187635	-0.010022006044867299	0.004139419597008837	0.7839	0.07682761933614793
60	isolated_galaxies/m1_fg0.3/rot_45/broadband_030.fits	0	0.29	1	1	0	0	0.49314015232158676	-1.7483971316000302	2.7367989063435907	0.003442871940489517	0.011059523555707067	0.8012	0.058746463845856765
61	isolated_galaxies/m1_fg0.3/rot_45/broadband_040.fits	0	0.39	1	1	0	0	0.4813030623257403	-1.690837027450361	2.642756316841486	0.000340933423536925	0.012468758912918454	0.7968	0.061671327978330304
62	isolated_galaxies/m1_fg0.3/rot_45/broadband_050.fits	0	0.49	1	1	0	0	0.4549323910003295	-1.6690870311026305	2.744317075399845	0.00931830467327739	0.01284194412992424	0.8145	0.05318309490580109
63	isolated_galaxies/m1_fg0.3/rot_45/broadband_060.fits	0	0.59	1	1	0	0	0.4991874107146757	-1.7099926013965803	2.7165293903745362	0.03488759337390894	0.012813365703721028	0.8517	0.05244325383494803
64	isolated_galaxies/m1_fg0.3/rot_45/broadband_100.fits	0	0.98	1	1	0	0	0.505330675879256	-1.729728242694381	2.729023800557326	0.05712504562563568	0.01942957463691244	0.8561	0.07900559510278897
65	isolated_galaxies/m1_fg0.3/rot_45/broadband_200.fits	0	1.96	1	1	0	0	0.5000623072986671	-1.7579125436760559	2.8792358767243087	0.03391025797660749	0.014502882547143985	1.1696	0.06593925749430472
95	isolated_galaxies/m1_fg0.3/rot_45/broadband_005.fits	0	0.05	2	1	0	0	0.4918838255483061	-1.7270956956039782	2.7805555717481423	-0.0401596160612375	-0.0024687323217580247	0.8658	0.07695287173296651
96	isolated_galaxies/m1_fg0.3/rot_45/broadband_010.fits	0	0.1	2	1	0	0	0.49266754304895033	-1.7084659237761277	2.726987438923516	-0.02930665079752219	0.002353745307996292	0.7964	0.054611440418773166
97	isolated_galaxies/m1_fg0.3/rot_45/broadband_020.fits	0	0.2	2	1	0	0	0.46279397766964253	-1.6709388348473408	2.6554917356435883	-0.01845497841177729	0.002394572884016404	0.7797	0.058198816629541794
98	isolated_galaxies/m1_fg0.3/rot_45/broadband_030.fits	0	0.29	2	1	0	0	0.49019238018264727	-1.717270191937114	2.7294988334832277	-0.019064179428167006	0.0053522334238009905	0.809	0.09724767619248047
99	isolated_galaxies/m1_fg0.3/rot_45/broadband_040.fits	0	0.39	2	1	0	0	0.4772056971308015	-1.7148800646979714	2.709717158291491	-0.0023389741342229272	0.008644362741737317	0.7953	0.06123830369937383
100	isolated_galaxies/m1_fg0.3/rot_45/broadband_050.fits	0	0.49	2	1	0	0	0.45619484828863727	-1.7124516246368584	2.68328169631416	0.008643594310324406	0.00987329806948973	0.8025	0.06166885811084702
101	isolated_galaxies/m1_fg0.3/rot_45/broadband_060.fits	0	0.59	2	1	0	0	0.49181587357958545	-1.7328235980929005	2.7319936210571023	0.04176110806420404	0.012418282426708869	0.8552	0.06779161946373173
102	isolated_galaxies/m1_fg0.3/rot_45/broadband_100.fits	0	0.98	2	1	0	0	0.49856377649940586	-1.646157840829771	2.7053436068464887	0.026165763862125317	0.01578373905224293	0.8345	0.09863262018170701
103	isolated_galaxies/m1_fg0.3/rot_45/broadband_200.fits	0	1.96	2	1	0	0	0.48992111237310043	-1.894032361767176	2.9124336348966944	0.05175948297501638	0.016738654288738386	1.1152	0.09573345639353215
133	isolated_galaxies/m1_fg0.3/rot_45/broadband_005.fits	0	0.05	3	1	0	0	0.49161727128617	-1.7356486595680984	2.7831272472199635	-0.03031275252405718	-0.0005531328415942825	0.8672	0.06700464135257218
134	isolated_galaxies/m1_fg0.3/rot_45/broadband_010.fits	0	0.1	3	1	0	0	0.4889151862487628	-1.6623831942495033	2.6991916034667573	-0.025691803363094068	0.0012884115188192408	0.7986	0.04668685306132308
135	isolated_galaxies/m1_fg0.3/rot_45/broadband_020.fits	0	0.2	3	1	0	0	0.4652505474559538	-1.7004584439273747	2.6900377424268034	-0.012652528777950959	0.007025181385189712	0.7965	0.05697986690308204
136	isolated_galaxies/m1_fg0.3/rot_45/broadband_030.fits	0	0.29	3	1	0	0	0.4888720364813795	-1.7052505739755286	2.700624702267334	-0.004723457334377401	0.012929812746700678	0.8021	0.05438600781547312
137	isolated_galaxies/m1_fg0.3/rot_45/broadband_040.fits	0	0.39	3	1	0	0	0.4680135088408095	-1.6545802407026882	2.650745781897013	-0.0037820537610951644	0.006124906849471745	0.7889	0.07472236498102398
138	isolated_galaxies/m1_fg0.3/rot_45/broadband_050.fits	0	0.49	3	1	0	0	0.4478636890304644	-1.6976485738896292	2.718119623756155	-0.001426308056233159	0.009889347410467798	0.8085	0.0658881751623455
139	isolated_galaxies/m1_fg0.3/rot_45/broadband_060.fits	0	0.59	3	1	0	0	0.4998673331949686	-1.7049513858391319	2.7293548585916696	0.014336654750299452	0.009871628259026058	0.8493	0.05444461393013976
140	isolated_galaxies/m1_fg0.3/rot_45/broadband_100.fits	0	0.98	3	1	0	0	0.5140396408635489	-1.7570692208581757	2.726224656704365	0.031099969759119363	0.019009569498106626	0.8498	0.1184642612437161
141	isolated_galaxies/m1_fg0.3/rot_45/broadband_200.fits	0	1.96	3	1	0	0	0.4941527377302134	-1.72104052827201	2.8665321355242632	0.04505259277753095	0.01074446461399852	1.1368	0.0978757919310699
163	isolated_galaxies/m1_fg0.3/rot_45/broadband_005.fits	0	0.05	4	1	0	0	0.5103865779184471	-1.8048739052534144	2.7766543125096463	-0.0558712103700668	-0.024707107316427526	0.9357	0.09059541967642182
164	isolated_galaxies/m1_fg0.3/rot_45/broadband_010.fits	0	0.1	4	1	0	0	0.5278770514088833	-1.7694052860567957	2.6980358828340885	-0.035704930954318696	-0.012659541278373165	0.8847	0.0643553764408948
165	isolated_galaxies/m1_fg0.3/rot_45/broadband_020.fits	0	0.2	4	1	0	0	0.48822303580664933	-1.7834539170659915	2.676049133072241	-0.005031798982050094	6.498101700263947e-05	0.9346	0.06081947658067472
166	isolated_galaxies/m1_fg0.3/rot_45/broadband_030.fits	0	0.29	4	1	0	0	0.5250366732164851	-1.7828707492805036	2.7381754551087307	-0.020520906354802696	-0.003552593225411182	0.872	0.07692266218806018
167	isolated_galaxies/m1_fg0.3/rot_45/broadband_040.fits	0	0.39	4	1	0	0	0.48602202416427953	-1.7386838981875028	2.6497343495115877	0.010685602621838724	0.005908415042686113	0.9404	0.09155837618318668
168	isolated_galaxies/m1_fg0.3/rot_45/broadband_050.fits	0	0.49	4	1	0	0	0.4901188109917007	-1.7379006465765041	2.7225747588240514	0.042835985749193395	0.011089652389100979	0.9403	0.0684106164140758
169	isolated_galaxies/m1_fg0.3/rot_45/broadband_060.fits	0	0.59	4	1	0	0	0.540477851468601	-1.7918501086230267	2.7770501270234016	0.0408103520043547	-0.005693657735134728	1.0028	0.21917291259743987
170	isolated_galaxies/m1_fg0.3/rot_45/broadband_100.fits	0	0.98	4	1	0	0	0.4981579521987785	-1.7126814252647804	2.734641746870963	0.06971543583981032	0.014483136437641392	1.0643	0.1329933997677088
171	isolated_galaxies/m1_fg0.3/rot_45/broadband_200.fits	0	1.96	4	1	0	0	0.5378991584425434	-1.856041865783182	2.963726203689993	0.04613907239064704	-0.02797977227881857	1.8126	0.24788736787433455
191	isolated_galaxies/m1_fg0.3/rot_45/broadband_005.fits	0	0.05	5	1	0	0	0.5088100350600963	-1.800768299007754	2.7872710771840863	-0.06795819316950862	-0.029919338863812633	0.9267	0.07136513229179645
192	isolated_galaxies/m1_fg0.3/rot_45/broadband_010.fits	0	0.1	5	1	0	0	0.5139455082533515	-1.756317852380956	2.688953353495003	-0.0355300063588455	-0.0055849456917094874	0.8796	0.08705700803936717
193	isolated_galaxies/m1_fg0.3/rot_45/broadband_020.fits	0	0.2	5	1	0	0	0.4850130118707354	-1.7802813146719023	2.686766178373384	-0.01338210814707059	0.003871021754607446	0.9433	0.09592213413040142
194	isolated_galaxies/m1_fg0.3/rot_45/broadband_030.fits	0	0.29	5	1	0	0	0.5258596810827599	-1.785160930692417	2.74446499289097	-0.012380057419062482	-0.007182194684143707	0.8803	0.07242703666070986
195	isolated_galaxies/m1_fg0.3/rot_45/broadband_040.fits	0	0.39	5	1	0	0	0.50654226543996	-1.7475146253054508	2.6725479336526936	-0.0003720542749147924	0.009023865691983705	0.9388	0.10335425017475719
196	isolated_galaxies/m1_fg0.3/rot_45/broadband_050.fits	0	0.49	5	1	0	0	0.4920993075118114	-1.7358368740380379	2.731672390039991	0.026072402233758906	0.006439934162654841	0.9468	0.07065410056541784
197	isolated_galaxies/m1_fg0.3/rot_45/broadband_060.fits	0	0.59	5	1	0	0	0.5413410372403837	-1.783072633132734	2.778931157722469	0.0560120551193709	0.0019087432844217534	0.9891	0.13081043097582837
198	isolated_galaxies/m1_fg0.3/rot_45/broadband_100.fits	0	0.98	5	1	0	0	0.49408607279115413	-1.706346915946114	2.741041321562952	0.0861201213723233	0.020523082189630285	1.0627	0.1283799774801037
199	isolated_galaxies/m1_fg0.3/rot_45/broadband_200.fits	0	1.96	5	1	0	0	0.5410065237146603	-1.8670561468647318	2.9432553429634827	0.08264671221418299	-0.01605075315121506	1.7706	0.2506980570014252
222	isolated_galaxies/m1_fg0.3/rot_45/broadband_005.fits	0	0.05	6	1	0	0	0.5059697676275244	-1.8015540238040553	2.7781016640747644	-0.03967156314854461	-0.020585090330597324	0.9338	0.05977802759437243
223	isolated_galaxies/m1_fg0.3/rot_45/broadband_010.fits	0	0.1	6	1	0	0	0.5148633639410107	-1.7526652093072808	2.671018480527963	-0.038373850135823784	-0.008084272772818651	0.8799	0.04989950591880865
224	isolated_galaxies/m1_fg0.3/rot_45/broadband_020.fits	0	0.2	6	1	0	0	0.4784445296601174	-1.777528489168458	2.6802108384243724	-0.02234477588777833	0.0027636151933230265	0.9368	0.06279725469123143
225	isolated_galaxies/m1_fg0.3/rot_45/broadband_030.fits	0	0.29	6	1	0	0	0.5252117866248834	-1.7852416473237989	2.7397272738677856	-0.016890731511610954	-0.0030979910298854696	0.8736	0.09287802124060239
226	isolated_galaxies/m1_fg0.3/rot_45/broadband_040.fits	0	0.39	6	1	0	0	0.48124663224908165	-1.7234456011862538	2.6447930262076973	0.0035323137395266075	0.0038294322575407437	0.9335	0.06701839753562104
227	isolated_galaxies/m1_fg0.3/rot_45/broadband_050.fits	0	0.49	6	1	0	0	0.4935511529699186	-1.7469534571219654	2.727691733964128	0.042737153679300525	0.010954620889787771	0.9461	0.07420008093535345
228	isolated_galaxies/m1_fg0.3/rot_45/broadband_060.fits	0	0.59	6	1	0	0	0.5414965171484389	-1.782521827718446	2.80100588188654	0.05131508607031693	0.00850919504900158	1.0031	0.16013832596917743
229	isolated_galaxies/m1_fg0.3/rot_45/broadband_100.fits	0	0.98	6	1	0	0	0.5008490601446346	-1.7207968041725132	2.7422380267909547	0.07987395685180276	0.017609132241692627	1.0679	0.12722984813953103
230	isolated_galaxies/m1_fg0.3/rot_45/broadband_200.fits	0	1.96	6	1	0	0	0.5359471421867472	-1.853080530184116	2.9502677786417104	0.04513299950916013	-0.024327162924161736	1.8046	0.2834252669836571