Counter	Image	class label	Myr	Viewpoint	# Bulges	Sep	Flux Ratio	Gini	M20	C	A	S	Sersic n	A_s
0	q0.333_fg0.1_allrx10_sunruns/hires_kin_early_cen1/broadband_010.fits	1	0.1	0	1	0	0	0.522808723315743	-1.793580479175797	2.7000713320800007	-0.066398023517002	-0.04677521121769818	0.921	0.07970841115874296
1	q0.333_fg0.1_allrx10_sunruns/hires_kin_early_cen1/broadband_050.fits	1	0.49	0	1	0	0	0.5243600917876746	-1.619245173537343	3.2203286326502836	0.08843696543494095	0.023122912893774803	0.5855	0.46868075236401435
2	q0.333_fg0.1_allrx10_sunruns/hires_kin_early_cen1/broadband_060.fits	1	0.59	0	1	0	0	0.6290622915238561	-1.8167922288231158	3.9900219502690875	0.06579586085137155	-0.08470475800940873	0.8884	0.5215171997663626
3	q0.333_fg0.1_allrx10_sunruns/hires_kin_early_cen1/broadband_070.fits	1	0.68	0	1	0	0	0.5946462202340939	-2.0597979395482073	3.803344561958808	0.11574232916825944	0.014272183745099122	2.3392	0.3476613085960501
4	q0.333_fg0.1_allrx10_sunruns/hires_kin_early_cen1/broadband_090.fits	1	0.88	0	1	0	0	0.5792851840888747	-2.4281292607264526	4.971699950257959	0.021748358183016764	-0.004578702313293834	16.988	0.19464782226365626
5	q0.333_fg0.1_allrx10_sunruns/hires_kin_early_cen1/broadband_120.fits	1	1.17	0	1	0	0	0.5861161093667576	-2.5697920588710317	4.9752386281703505	-0.0007622363240118858	-0.005062291222943118	17.803	0.11443518582622351
6	q0.333_fg0.1_allrx10_sunruns/hires_kin_early_cen1/broadband_130.fits	1	1.27	0	1	0	0	0.5975760376074333	-2.504740259875409	4.862496195157661	0.013283516832011013	-0.009697874308700182	19.244	0.22286725671115792
7	q0.333_fg0.1_allrx10_sunruns/hires_kin_early_cen1/broadband_140.fits	1	1.37	0	1	0	0	0.5996492332581307	-2.557691024893611	5.403844576138304	-0.034102913043634615	-0.09833004285865264	19.815	0.1807660159835309
8	q0.333_fg0.1_allrx10_sunruns/hires_kin/broadband_145.fits	1	1.42	0	2	0	0	0.6028777236475489	-2.5164377418688475	5.310723371764103	-0.021816766230228032	-0.15689904787482464	0.2562	0.3169069167184846
9	q0.333_fg0.1_allrx10_sunruns/hires_kin/broadband_150.fits	1	1.47	0	1	0	0	0.5954214674983352	-2.7251880166975977	5.152793214755064	0.0034020315081708715	-0.003048767897334451	19.992	0.27266657846834497
10	q0.333_fg0.1_allrx10_sunruns/hires_kin/broadband_155.fits	1	1.52	0	1	0	0	0.6027049825463501	-2.603241523844557	5.068143342593179	0.038363829046421105	-0.0016825508323220207	19.99	0.307370811899068
11	q0.333_fg0.1_allrx10_sunruns/hires_kin/broadband_170.fits	1	1.66	0	1	0	0	0.6098653492577778	-2.6463770274222487	5.014117242069823	-0.048524424305277855	-0.010365188752551898	17.72	0.25312010605313556
12	q0.333_fg0.1_allrx10_sunruns/hires_kin/broadband_175.fits	1	1.71	0	1	0	0	0.5781776811155708	-2.536606913444051	4.83117314234436	-0.009372497579544597	-0.004968918234066673	19.531	0.18802266323760683
13	q0.333_fg0.1_allrx10_sunruns/hires_kin/broadband_180.fits	1	1.76	0	1	0	0	0.591500709999563	-2.600519788563932	4.976641894414661	-0.03690882394629859	-0.017444792773616102	19.241	0.23263815912224944
14	q0.333_fg0.1_allrx10_sunruns/hires_kin/broadband_190.fits	1	1.86	0	1	0	0	0.560774136686923	-2.455600764312026	4.680708339972611	-0.04519180855456154	-0.030950172989760365	15.561	0.11698116816156086
15	q0.333_fg0.1_allrx10_sunruns/hires_kin/broadband_195.fits	1	1.91	0	1	0	0	0.5562827901636893	-2.522225946691479	4.588324780983341	-0.0337712973248971	-0.004205007465521645	12.789	0.0727553011304595
16	q0.333_fg0.1_allrx10_sunruns/hires_kin/broadband_200.fits	1	1.96	0	1	0	0	0.5903884150653713	-2.5504289288277207	4.639811100486011	-0.010822495793009975	-0.07201729590843839	13.188	0.16324826339910828
17	q0.333_fg0.1_allrx10_sunruns/hires_kin/broadband_215.fits	1	2.1	0	2	6.199634131790012	7.696264768929208	0.6203086259760121	-1.107189602518749	4.281917216769385	0.3321317325292071	0.02591445771667995	7.7812	0.6602283012599248
18	q0.333_fg0.1_allrx10_sunruns/hires_kin/broadband_230.fits	1	2.25	0	1	0	0	0.5755882885815469	-2.3928940595538077	4.351035903714406	0.0029177866146613608	-0.017055672669601136	7.4798	0.19747058250801053
19	q0.333_fg0.1_allrx10_sunruns/hires_kin/broadband_235.fits	1	2.3	0	1	0	0	0.5841834678767661	-2.376044531224319	4.516569034682172	-0.05728727795134127	-0.025591572876032073	8.2207	0.23442830935028383
20	q0.333_fg0.1_allrx10_sunruns/hires_kin/broadband_240.fits	1	2.35	0	1	0	0	0.5928545565724607	-2.424568570670045	4.669959511538364	-0.06016351798894602	-0.040361118195163144	7.3525	0.19405944503340344
21	q0.333_fg0.1_allrx10_sunruns/hires_kin/broadband_280.fits	1	2.74	0	1	0	0	0.6057623240249432	-2.2824688721952278	4.559113704551299	-0.08372224636066372	-0.06735375952447314	5.6087	0.3465528088816468
22	q0.333_fg0.1_allrx10_sunruns/hires_kin/broadband_290.fits	1	2.83	0	1	0	0	0.613681687789625	-2.4989179304156313	4.6310969370347745	-0.04623840611021759	-0.04432704414485268	7.5217	0.15788079106660038
23	q0.333_fg0.1_allrx10_sunruns/hires_kin_early_cen1/broadband_010.fits	1	0.1	1	1	0	0	0.6191309712947187	-1.5578860526085516	3.2872549189793294	0.01971905018631443	0.054140961978714645	0.6462	0.06305494259850342
24	q0.333_fg0.1_allrx10_sunruns/hires_kin_early_cen1/broadband_060.fits	1	0.59	1	2	9.25597308150558	8.519223264285477	0.648009235177664	-2.0082841987804882	4.268287330742485	0.12079248506746762	0.09706863370618865	1.2943	0.3592388842680658
25	q0.333_fg0.1_allrx10_sunruns/hires_kin_early_cen1/broadband_090.fits	1	0.88	1	1	0	0	0.6267341631399959	-2.236042648586909	3.9699273663418695	0.08820284195935131	0.016784896822514425	2.8497	0.3800640755848295
26	q0.333_fg0.1_allrx10_sunruns/hires_kin_early_cen1/broadband_120.fits	1	1.17	1	2	8.452559180393584	48.65416235388332	0.6390145068854594	-2.317429944752969	3.918570178196151	0.014744407427412832	0.01681656458323537	3.2523	0.2840468605239653
27	q0.333_fg0.1_allrx10_sunruns/hires_kin_early_cen1/broadband_130.fits	1	1.27	1	1	0	0	0.6554160989284137	-2.3287491104952083	3.876630820930122	0.020869107893563107	-0.002407145727796204	3.5087	0.2741701843064079
28	q0.333_fg0.1_allrx10_sunruns/hires_kin_early_cen1/broadband_140.fits	1	1.37	1	1	0	0	0.6240318840454433	-2.4104732495159418	4.288434146099417	-0.018609341933011423	0.01644833212245592	5.445	0.28455055287143427
29	q0.333_fg0.1_allrx10_sunruns/hires_kin/broadband_145.fits	1	1.42	1	1	0	0	0.6304369206748196	-2.338032721238712	4.005857590071135	-0.01901684619371972	0.0019843172192088383	3.6746	0.22563362306574794
30	q0.333_fg0.1_allrx10_sunruns/hires_kin/broadband_150.fits	1	1.47	1	1	0	0	0.5191325502728921	-2.1697581684954175	3.6913863459335867	-0.009250781689546617	-0.01195932514621736	3.0263	0.14914451955040936
31	q0.333_fg0.1_allrx10_sunruns/hires_kin/broadband_155.fits	1	1.52	1	1	0	0	0.5471340595955764	-2.210461239703149	3.8461935637330926	-0.0282892259443839	-0.0034371228570391136	2.9817	0.1400881418321972
32	q0.333_fg0.1_allrx10_sunruns/hires_kin/broadband_170.fits	1	1.66	1	1	0	0	0.6051527028629531	-2.290547711515901	3.9427461541707216	-0.01458900183197022	0.006097328898930861	3.4249	0.16328501690520558
33	q0.333_fg0.1_allrx10_sunruns/hires_kin/broadband_175.fits	1	1.71	1	1	0	0	0.6129602644812944	-2.253331091060589	3.836640535362912	-0.015020248016487232	0.00445851255569889	3.2726	0.268375006072222
34	q0.333_fg0.1_allrx10_sunruns/hires_kin/broadband_180.fits	1	1.76	1	1	0	0	0.5954688562763555	-2.2172495742349443	3.9683655568879983	-0.01854018761294268	-0.0002751277546691367	3.785	0.2903015256707362
35	q0.333_fg0.1_allrx10_sunruns/hires_kin/broadband_185.fits	1	1.81	1	1	0	0	0.5867945106025375	-2.1784887300825515	4.0026600987403995	-0.006579890143863677	0.0006993787046601216	3.8448	0.23798543480516052
36	q0.333_fg0.1_allrx10_sunruns/hires_kin/broadband_190.fits	1	1.86	1	1	0	0	0.6061427607275721	-2.1997082646250434	3.832815322980286	-0.01794179962911135	0.0009281208583634122	3.7242	0.2029131013792935
37	q0.333_fg0.1_allrx10_sunruns/hires_kin/broadband_195.fits	1	1.91	1	1	0	0	0.6241461971756622	-2.313603147518913	4.025146934371671	-0.06179922468132673	0.0018487639435322987	3.7173	0.14307290063449812
38	q0.333_fg0.1_allrx10_sunruns/hires_kin/broadband_200.fits	1	1.96	1	1	0	0	0.5364387160161012	-2.1997174505922628	3.8666837413486235	-0.027387291814493682	0.0037096563222346543	3.3778	0.12389827924309645
39	q0.333_fg0.1_allrx10_sunruns/hires_kin/broadband_205.fits	1	2.0	1	1	0	0	0.5591197967669679	-2.160765851384159	3.8927993003830785	-0.04948387727215268	-0.005465144494606736	3.0583	0.1388664042683306
40	q0.333_fg0.1_allrx10_sunruns/hires_kin/broadband_210.fits	1	2.05	1	2	9.528786581386504	3.5194921429127364	0.6076150319705933	-0.755765658601005	2.177989712302101	0.438788519343052	0.09681226804509152	3.2991	0.397970029634845
41	q0.333_fg0.1_allrx10_sunruns/hires_kin/broadband_215.fits	1	2.1	1	2	5.91492019115879	3.2204755031303853	0.5840511116856862	-0.9992044192865986	3.6345815917543005	0.22954866670623245	0.028911357388310365	2.2736	0.4146226278979227
42	q0.333_fg0.1_allrx10_sunruns/hires_kin/broadband_235.fits	1	2.3	1	1	0	0	0.5459076399886726	-2.210731303695145	4.0253838305088445	-0.000993527476917157	-0.013056418264754233	5.001	0.24229387525525578
43	q0.333_fg0.1_allrx10_sunruns/hires_kin/broadband_240.fits	1	2.35	1	1	0	0	0.5647146312652149	-2.346279351236606	4.324847633684337	-0.014224505732561244	-0.007412002087051054	6.5515	0.20297908228551922
44	q0.333_fg0.1_allrx10_sunruns/hires_kin/broadband_250.fits	1	2.44	1	2	8.85953416263458	9.72388916462589	0.5933432497780534	-0.781821911983208	4.749335042897128	0.128099498894325	0.0011821076544724278	7.8741	0.4605946271513964
45	q0.333_fg0.1_allrx10_sunruns/hires_kin/broadband_290.fits	1	2.83	1	1	0	0	0.5934532935508148	-2.392329071366194	4.274525804664334	-0.06994688526441824	-0.02287229210559642	4.8591	0.11426811549500698
46	q0.333_fg0.1_allrx10_sunruns/hires_kin_early_cen1/broadband_010.fits	1	0.1	2	1	0	0	0.5992097135569434	-1.5673128242646213	3.2208061243985453	-0.005911407645237319	0.031554486672931856	0.6867	0.12507053774834648
47	q0.333_fg0.1_allrx10_sunruns/hires_kin_early_cen1/broadband_040.fits	1	0.39	2	2	5.044600317280965	2.4624079237492036	0.6111757538625959	-1.3988388879561993	2.8299995466474357	0.4114862861364392	0.03269972247737887	0.7045	0.6174725003657807
48	q0.333_fg0.1_allrx10_sunruns/hires_kin_early_cen1/broadband_050.fits	1	0.49	2	1	0	0	0.5778974902373465	-1.7390754185274229	3.4705322485828116	0.07416751303717772	0.06727810142538654	0.8257	0.2939212916853616
49	q0.333_fg0.1_allrx10_sunruns/hires_kin_early_cen1/broadband_070.fits	1	0.68	2	1	0	0	0.6050821313490472	-2.017740663089222	3.49590371484886	0.14729647096801063	0.01747408295790216	2.0772	0.5783108215379523
50	q0.333_fg0.1_allrx10_sunruns/hires_kin_early_cen1/broadband_090.fits	1	0.88	2	2	8.889008449890378	11.830415557251658	0.6340838524826573	-2.0808835754037163	4.30108299712488	0.04468810872145167	-0.00023305279502455707	3.1469	0.5237777970534285
51	q0.333_fg0.1_allrx10_sunruns/hires_kin_early_cen1/broadband_120.fits	1	1.17	2	1	0	0	0.6041686504886207	-2.3329707659872767	4.137244255589641	-0.03799095875904985	-0.0051829333387318965	4.0471	0.2503446899462865
52	q0.333_fg0.1_allrx10_sunruns/hires_kin_early_cen1/broadband_130.fits	1	1.27	2	1	0	0	0.5646282598172595	-2.154903003081823	3.9302023922234297	0.03288271847600807	-0.006328926642110736	3.9179	0.24108428269646384
53	q0.333_fg0.1_allrx10_sunruns/hires_kin_early_cen1/broadband_140.fits	1	1.37	2	1	0	0	0.5808654776736296	-2.322815299372631	4.603942837194804	-0.058099760270295744	-0.008777431742070855	5.8737	0.313715753553667
54	q0.333_fg0.1_allrx10_sunruns/hires_kin/broadband_145.fits	1	1.42	2	1	0	0	0.6274386055938193	-2.404338641368161	3.9987850634516193	0.02578048859414683	-0.0006053588588298182	5.2928	0.21807153702012225
55	q0.333_fg0.1_allrx10_sunruns/hires_kin/broadband_150.fits	1	1.47	2	1	0	0	0.5853863678046856	-2.470722907308074	4.544267376755116	-0.08670463069533518	-0.017347392461268672	10.074	0.13703912764695192
56	q0.333_fg0.1_allrx10_sunruns/hires_kin/broadband_155.fits	1	1.52	2	1	0	0	0.5682073455432929	-2.3129326503655365	4.343200400857334	-0.008163380168452233	-0.002272566813773308	7.5313	0.3320981756967405
57	q0.333_fg0.1_allrx10_sunruns/hires_kin/broadband_170.fits	1	1.66	2	1	0	0	0.5529858826851684	-2.3342439569154996	4.279426129615657	-0.08060566930411699	-0.009900489220101305	6.4252	0.206018341499016
58	q0.333_fg0.1_allrx10_sunruns/hires_kin/broadband_175.fits	1	1.71	2	1	0	0	0.5441596917109404	-2.2871251476643115	3.93083273225675	-0.03596479792058754	-0.005569962300713295	5.2058	0.2546825731210823
59	q0.333_fg0.1_allrx10_sunruns/hires_kin/broadband_180.fits	1	1.76	2	1	0	0	0.6099820248147232	-2.376314928792233	4.2868360470307865	-0.057894441920843316	-0.04269023236123888	5.61	0.24555406419480302
60	q0.333_fg0.1_allrx10_sunruns/hires_kin/broadband_185.fits	1	1.81	2	1	0	0	0.6124344759644026	-2.3183842584896213	4.4826693204938035	-0.201460866400546	-0.282813657977791	6.2202	0.3683797271132262
61	q0.333_fg0.1_allrx10_sunruns/hires_kin/broadband_195.fits	1	1.91	2	1	0	0	0.5766707779143113	-2.2958368829840077	4.003420833889561	-0.025996429737038716	-0.007833095802074419	5.3432	0.14937527004229983
62	q0.333_fg0.1_allrx10_sunruns/hires_kin/broadband_200.fits	1	1.96	2	1	0	0	0.5530392006003084	-2.247807517399221	4.139277931735146	-0.060443892821495926	-0.009535345907675382	6.0398	0.1421656854372685
63	q0.333_fg0.1_allrx10_sunruns/hires_kin/broadband_205.fits	1	2.0	2	1	0	0	0.592652905577278	-2.4028321290375367	4.447386673840516	-0.1257960173893567	-0.03653385189139726	6.8817	0.1160831749163067
64	q0.333_fg0.1_allrx10_sunruns/hires_kin/broadband_215.fits	1	2.1	2	2	4.66278879951569	8.872377258893033	0.5846987678472197	-1.564150215455865	4.0032985280986	0.3382651193138679	-0.011343959107221715	5.2535	0.6097008992157098
65	q0.333_fg0.1_allrx10_sunruns/hires_kin/broadband_235.fits	1	2.3	2	1	0	0	0.5614985779737364	-2.140307665485832	4.255767667483694	0.011027935598789933	-0.146262952225305	3.8768	0.3038023645731973
66	q0.333_fg0.1_allrx10_sunruns/hires_kin/broadband_240.fits	1	2.35	2	2	16.184082925482368	7.312737766851014	0.5893291738356391	-2.363473522037459	4.207544462759345	-0.04093117664390021	-0.06777660138325844	4.4778	0.23462201518716727
67	q0.333_fg0.1_allrx10_sunruns/hires_kin_early_cen1/broadband_010.fits	1	0.1	3	1	0	0	0.5086071524337425	-1.7719410938483067	2.76277357363948	-0.042624190929011256	-0.005626496418651546	0.8962	0.09589624562446451
68	q0.333_fg0.1_allrx10_sunruns/hires_kin_early_cen1/broadband_040.fits	1	0.39	3	2	10.507039969097987	3.8704369755962014	0.5563567918944392	-0.8624201646997803	3.1892075344957216	0.22645553944083185	0.020401655773093073	0.8733	0.4055638007854655
69	q0.333_fg0.1_allrx10_sunruns/hires_kin_early_cen1/broadband_050.fits	1	0.49	3	2	13.862846084248222	3.610106383579003	0.6190068859944751	-0.8918594540973541	4.098786378158245	0.22661310795306522	-0.06542461169870643	0.6577	0.729213615352834
70	q0.333_fg0.1_allrx10_sunruns/hires_kin_early_cen1/broadband_130.fits	1	1.27	3	1	0	0	0.6030484039442755	-2.2857138181945396	4.994767669160965	-0.001301934357579112	-0.002337482592093678	17.789	0.23884882988571288
71	q0.333_fg0.1_allrx10_sunruns/hires_kin_early_cen1/broadband_140.fits	1	1.37	3	1	0	0	0.5774922068654303	-2.480392932835822	4.531016504656133	0.016949712797826935	-0.007351776056735462	12.745	0.13287509554423915
72	q0.333_fg0.1_allrx10_sunruns/hires_kin/broadband_150.fits	1	1.47	3	1	0	0	0.5654903390992331	-2.5349983775432614	4.8231697731212195	-0.007276659114253838	-0.000522180803021019	16.552	0.21547047834159988
73	q0.333_fg0.1_allrx10_sunruns/hires_kin/broadband_155.fits	1	1.52	3	1	0	0	0.5732729675354714	-2.445837120368119	4.460341690435182	0.004236957876600858	-0.006330632514106036	12.963	0.2953804735028522
74	q0.333_fg0.1_allrx10_sunruns/hires_kin/broadband_170.fits	1	1.66	3	1	0	0	0.5787683689932739	-2.5355407896678543	4.65565164866191	0.008178818398946507	-0.021096781093024316	14.511	0.15418231785063663
75	q0.333_fg0.1_allrx10_sunruns/hires_kin/broadband_175.fits	1	1.71	3	1	0	0	0.5660228414982534	-2.4484533352639555	4.62075957646717	-0.0008666400319504487	-0.00945203664654918	13.383	0.09338749582792435
76	q0.333_fg0.1_allrx10_sunruns/hires_kin/broadband_190.fits	1	1.86	3	2	0	0	0.5853691020069698	-2.385500136279658	4.463336333769315	-0.025970766987904192	-0.1626476144662216	2.8195	0.22606140171195865
77	q0.333_fg0.1_allrx10_sunruns/hires_kin/broadband_195.fits	1	1.91	3	2	0	0	0.5447027688513623	-2.3859319079785863	4.188146076495901	-0.016397595370908884	0.004315196319204066	2.9744	0.1895615959668929
78	q0.333_fg0.1_allrx10_sunruns/hires_kin/broadband_200.fits	1	1.96	3	2	0	0	0.5582713149795261	-2.2469561826267217	4.539441691168432	-0.020780821937637136	-0.2173482339816146	2.6393	0.16644736205000527
79	q0.333_fg0.1_allrx10_sunruns/hires_kin/broadband_210.fits	1	2.05	3	2	3.571501926088742	12.81976310568704	0.5834451018026912	-1.3726209778189515	3.621909883010901	0.2411636578141962	-0.02621717288525668	8.3215	0.3091785713336835
80	q0.333_fg0.1_allrx10_sunruns/hires_kin/broadband_215.fits	1	2.1	3	2	2.918523790139657	3.623097321891733	0.6020752820504941	-1.3797155546218296	2.81517048809153	0.37681342909275056	0.00994354547684388	2.3717	0.36045786236383764
81	q0.333_fg0.1_allrx10_sunruns/hires_kin/broadband_230.fits	1	2.25	3	2	10.32970272246229	10.520587675544377	0.5845364666471966	-2.27836963335685	4.472467611111494	0.00973430910554418	-0.24158647599547606	6.1721	0.3110066497934483
82	q0.333_fg0.1_allrx10_sunruns/hires_kin/broadband_240.fits	1	2.35	3	2	9.086506689179307	12.978963168493577	0.6090742674841441	-1.08380030564988	4.864540275039365	0.10125122385110792	-0.2640147991551217	8.3611	0.29719289172042757
83	q0.333_fg0.1_allrx10_sunruns/hires_kin/broadband_245.fits	1	2.4	3	2	7.095787253011481	11.534532578210918	0.6151014252655859	-1.0217214449347718	4.711096111064176	0.18853928335976047	-0.045278000752103996	8.1541	0.5526699284598048
84	q0.333_fg0.1_allrx10_sunruns/hires_kin/broadband_250.fits	1	2.44	3	2	4.019105364934405	9.131034842943794	0.6017178561034867	-1.1102062324286446	2.9494380871532746	0.6620646838175375	0.02326508948945579	7.5096	0.2201567428380602
85	q0.333_fg0.1_allrx10_sunruns/hires_kin/broadband_260.fits	1	2.54	3	2	3.4681766290484446	40.55832397613989	0.5850622420086461	-1.3910048368961216	3.8200818395825715	0.11080734857589492	0.007688955423728385	7.0297	0.4031166639839226
86	q0.333_fg0.1_allrx10_sunruns/hires_kin/broadband_290.fits	1	2.83	3	1	0	0	0.5991925417358063	-2.3489305423694913	4.0930272957128855	-0.013241816783954512	-0.12348755738091773	4.1399	0.228333787043992
87	q0.333_fg0.1_allrx10_sunruns/hires_kin/broadband_340.fits	1	3.31	3	1	0	0	0.6069408855558756	-2.3913172642378973	4.1170548626303525	-0.024379936190431432	-0.07447532130709195	4.4229	0.20366045024456558
88	q0.333_fg0.1_allrx10_sunruns/hires_kin_early_cen1/broadband_010.fits	1	0.1	4	1	0	0	0.5186474519926841	-1.775478667937517	2.7060369231198727	-0.051395065282872666	-0.01997523718501724	0.8901	0.04864352823454594
89	q0.333_fg0.1_allrx10_sunruns/hires_kin_early_cen1/broadband_070.fits	1	0.68	4	1	0	0	0.5925240046487241	-1.9554583362499842	3.661772077607401	0.10147843004417345	0.02082890659089421	1.9695	0.4011966189504475
90	q0.333_fg0.1_allrx10_sunruns/hires_kin_early_cen1/broadband_090.fits	1	0.88	4	2	0	0	0.587755750019199	-2.3857379955147424	5.191244170940962	-0.010095308921815172	-0.004874442537781974	0.889	0.1811456182074842
91	q0.333_fg0.1_allrx10_sunruns/hires_kin_early_cen1/broadband_120.fits	1	1.17	4	1	0	0	0.5861022044379008	-2.6396863427286914	5.033885692895886	-0.009624667619425214	-0.011416750440385178	18.467	0.07707464057587775
92	q0.333_fg0.1_allrx10_sunruns/hires_kin_early_cen1/broadband_130.fits	1	1.27	4	1	0	0	0.6054323379803016	-2.4405482380935917	4.986074501500103	0.031929287948399936	-0.006547511458956881	19.596	0.2675060478584859
93	q0.333_fg0.1_allrx10_sunruns/hires_kin_early_cen1/broadband_140.fits	1	1.37	4	1	0	0	0.6106825843257474	-2.5135336087985425	5.563090133056079	-0.1272192414700755	-0.10348995836638429	19.872	0.26907992829158006
94	q0.333_fg0.1_allrx10_sunruns/hires_kin/broadband_145.fits	1	1.42	4	1	0	0	0.6131558583856798	-2.474260319288124	5.359293549703512	-0.013219883557023972	-0.1003236486031561	19.988	0.4463901616133227
95	q0.333_fg0.1_allrx10_sunruns/hires_kin/broadband_150.fits	1	1.47	4	1	0	0	0.5981578603201977	-2.745197894744631	5.313213200512475	-0.009016913013450005	-0.014015473318695718	19.915	0.2994113867731158
96	q0.333_fg0.1_allrx10_sunruns/hires_kin/broadband_155.fits	1	1.52	4	1	0	0	0.6065990925422319	-2.649849479839948	5.098479021515594	0.008451745524737953	-0.0013024829150627487	19.998	0.224390362089226
97	q0.333_fg0.1_allrx10_sunruns/hires_kin/broadband_170.fits	1	1.66	4	1	0	0	0.607190188440233	-2.654282020418583	5.023293151988425	0.003701453931848631	-0.005626773238414183	17.453	0.13654091461578233
98	q0.333_fg0.1_allrx10_sunruns/hires_kin/broadband_175.fits	1	1.71	4	1	0	0	0.5826789801423123	-2.594443778133792	4.904924085038505	-0.019549479929291864	-0.0026026601965038953	19.994	0.113683691986856
99	q0.333_fg0.1_allrx10_sunruns/hires_kin/broadband_190.fits	1	1.86	4	1	0	0	0.5682394512229784	-2.484049541298304	4.773660398791799	-0.04015764097367096	-0.053339334231816964	16.201	0.10380414501823469
100	q0.333_fg0.1_allrx10_sunruns/hires_kin/broadband_195.fits	1	1.91	4	1	0	0	0.556518488061845	-2.567475670394072	4.6748875024450145	-0.061496322671673376	-0.015474554139152502	13.728	0.15031207230173338
101	q0.333_fg0.1_allrx10_sunruns/hires_kin/broadband_200.fits	1	1.96	4	1	0	0	0.5886516702423438	-2.58474647038513	4.695568411519783	-0.08269176834896502	-0.07508266993295842	13.551	0.1880316000152907
102	q0.333_fg0.1_allrx10_sunruns/hires_kin/broadband_215.fits	1	2.1	4	2	6.096544543017803	9.551685183603057	0.6344119473971707	-1.3349342467816194	4.405906075911596	0.1986123880893753	-0.005115233693574982	7.7979	0.6488728811102832
103	q0.333_fg0.1_allrx10_sunruns/hires_kin/broadband_230.fits	1	2.25	4	1	0	0	0.5776062891551828	-2.4429421182880633	4.47289535461327	0.03012553557641592	-0.006468692013100408	7.2077	0.17679959337042506
104	q0.333_fg0.1_allrx10_sunruns/hires_kin/broadband_235.fits	1	2.3	4	1	0	0	0.5834081543907726	-2.36110123672405	4.689504143540541	-0.007332394180022525	-0.055491465601492575	7.8299	0.28616070146249645
105	q0.333_fg0.1_allrx10_sunruns/hires_kin_early_cen1/broadband_010.fits	1	0.1	5	1	0	0	0.51246860215015	-1.7673699988235505	2.7533146866527014	-0.051559854752452464	-0.0002035395487473984	0.8767	0.06659066482364112
106	q0.333_fg0.1_allrx10_sunruns/hires_kin_early_cen1/broadband_040.fits	1	0.39	5	2	8.589434312313928	3.5832738484841284	0.48187477982438387	-1.02272072265627	1.918666433150948	0.4145892499972936	0.01757974427713686	0.8391	0.4316779676327952
107	q0.333_fg0.1_allrx10_sunruns/hires_kin_early_cen1/broadband_050.fits	1	0.49	5	1	0	0	0.5485295102653338	-1.642651470236038	3.161733647162346	0.11901960614861207	0.041902916300801195	0.7534	0.4137145795881708
108	q0.333_fg0.1_allrx10_sunruns/hires_kin_early_cen1/broadband_060.fits	1	0.59	5	1	0	0	0.6693491877070216	-1.7696392282577575	2.627332726881363	0.14858670546635344	0.024069291384221835	0.8902	0.4226107282850379
109	q0.333_fg0.1_allrx10_sunruns/hires_kin_early_cen1/broadband_070.fits	1	0.68	5	1	0	0	0.5668593191386141	-1.899059389464331	3.2574198752923267	0.20423959313349818	0.016441610397930337	2.1167	0.3474551842061067
110	q0.333_fg0.1_allrx10_sunruns/hires_kin_early_cen1/broadband_090.fits	1	0.88	5	1	0	0	0.6122213807536716	-2.3704206208274927	4.491682882676039	0.027781449756741485	0.0013178591598299943	6.8339	0.40599502721749725
111	q0.333_fg0.1_allrx10_sunruns/hires_kin_early_cen1/broadband_120.fits	1	1.17	5	1	0	0	0.6188138746171953	-2.4561119166047476	4.570016091359012	-0.03663661268038485	-0.016184780456384426	7.5458	0.3695869779947375
112	q0.333_fg0.1_allrx10_sunruns/hires_kin_early_cen1/broadband_130.fits	1	1.27	5	1	0	0	0.5632536133192909	-2.2862318943864492	3.9428026885105263	-0.0030487687636180645	-0.005659505513142215	4.9536	0.17778903946320074
113	q0.333_fg0.1_allrx10_sunruns/hires_kin/broadband_145.fits	1	1.42	5	1	0	0	0.6091620939901605	-2.3673938862801602	4.04137048973362	0.006954889801339176	0.0013830415546271996	3.9073	0.1816585446720658
114	q0.333_fg0.1_allrx10_sunruns/hires_kin/broadband_150.fits	1	1.47	5	1	0	0	0.5437585868104039	-2.357787852964077	4.138324020502743	0.0037561293996921964	-0.010617741657501074	5.8441	0.1958559079693785
115	q0.333_fg0.1_allrx10_sunruns/hires_kin/broadband_155.fits	1	1.52	5	1	0	0	0.6126106893032489	-2.3790985473264836	4.479851959717253	-0.04096618802048881	-0.0009623368159277693	7.7439	0.19687856111455154
116	q0.333_fg0.1_allrx10_sunruns/hires_kin/broadband_170.fits	1	1.66	5	1	0	0	0.6235191318633617	-2.488598726610096	4.313980889764962	-0.03265869319101665	-0.005601746924850431	8.2056	0.17809033942195737
117	q0.333_fg0.1_allrx10_sunruns/hires_kin/broadband_175.fits	1	1.71	5	1	0	0	0.5537504399362921	-2.309380211969299	4.007638848305137	-0.022498517380571046	0.0007047191985282779	6.3138	0.16578043499698625
118	q0.333_fg0.1_allrx10_sunruns/hires_kin/broadband_180.fits	1	1.76	5	1	0	0	0.5470331471003551	-2.2788806983139005	4.10612538696356	-0.05252877144996353	-0.013353269494302444	5.7866	0.2913731519554723
119	q0.333_fg0.1_allrx10_sunruns/hires_kin/broadband_195.fits	1	1.91	5	1	0	0	0.5702248537679248	-2.232085798088954	3.9595078123584115	-0.06828737640065231	-0.015773141039421647	3.8163	0.16517704628683777
120	q0.333_fg0.1_allrx10_sunruns/hires_kin/broadband_205.fits	1	2.0	5	1	0	0	0.5679735043835235	-2.2851219826219746	4.035174373509181	-0.12262143106984483	-0.011236271610830033	4.4038	0.1813087485875361
121	q0.333_fg0.1_allrx10_sunruns/hires_kin/broadband_215.fits	1	2.1	5	2	5.608203257258277	2.466720823230771	0.6025522277271417	-1.103834985576846	1.9665576109325211	0.4048876008654564	0.04755314943739892	1.6385	0.5354624888029639
122	q0.333_fg0.1_allrx10_sunruns/hires_kin/broadband_220.fits	1	2.15	5	2	14.042407834405699	3.6027987218592026	0.5539097798688781	-2.1954522691013634	3.6433466799797154	0.08531719511149172	-0.008332684904618148	2.8341	0.3412631964448742
123	q0.333_fg0.1_allrx10_sunruns/hires_kin/broadband_225.fits	1	2.2	5	2	18.460279772625665	6.975253569145945	0.5452280974353881	-2.034096379397948	3.6534811517075765	0.06273431446899091	-0.024413745665886628	2.6384	0.47299049596392684
124	q0.333_fg0.1_allrx10_sunruns/hires_kin/broadband_240.fits	1	2.35	5	2	18.841513746983793	6.976538576686932	0.5658457804729532	-2.247668188397486	4.240883105079346	-0.11951505057697782	-0.18149589980069847	3.8905	0.2910379448294691
125	q0.333_fg0.1_allrx10_sunruns/hires_kin/broadband_250.fits	1	2.44	5	2	8.834587979388509	3.8990607334621235	0.5982174823414648	-0.6701431500563421	3.9135207621776757	0.25462378680877235	-0.045633894747733314	2.0483	0.4161668960828033
126	q0.333_fg0.1_allrx10_sunruns/hires_kin/broadband_260.fits	1	2.54	5	2	6.589565152488369	4.429553995215104	0.580641916560233	-0.9328202738564774	3.7098061723298277	-0.046763833793372823	-0.21133920048610366	1.5785	0.39612736373388674
127	q0.333_fg0.1_allrx10_sunruns/hires_kin/broadband_270.fits	1	2.64	5	2	1.7834399476697993	0.14529143058936547	0.5847485609922339	-1.8298920574418673	3.4300529706146214	0.021906220388660913	-0.002840779364720929	8.3345	0.4124395099694992
128	q0.333_fg0.1_allrx10_sunruns/hires_kin/broadband_290.fits	1	2.83	5	1	0	0	0.5557654707579873	-2.113021220161108	3.7361917160253166	-0.09963264063117405	-0.13615097864417383	1.7002	0.12368530756137501
129	q0.333_fg0.1_allrx10_sunruns/hires_kin/broadband_300.fits	1	2.92	5	1	0	0	0.5563072939838558	-2.0635995689573474	3.59619501895422	-0.14147237034852797	-0.07319102562669667	1.5185	0.10447151400569976
130	q0.333_fg0.1_allrx10_sunruns/hires_kin/broadband_310.fits	1	3.02	5	1	0	0	0.5793862806396005	-2.080755169214117	3.560833947415645	-0.14475660533596896	-0.007649733153944003	1.5457	0.10258428772623256
131	q0.333_fg0.1_allrx10_sunruns/hires_kin/broadband_320.fits	1	3.12	5	1	0	0	0.5625748684262887	-1.9554577954980057	3.7769290275059006	-0.10999735901347042	-0.14671436315272623	1.6613	0.203396443205152
132	q0.333_fg0.1_allrx10_sunruns/hires_kin/broadband_340.fits	1	3.31	5	1	0	0	0.5732164974202498	-2.111942711091988	3.724773399740799	-0.10187288115480549	-0.1791928391522764	1.695	0.15894020516297377
133	q0.333_fg0.1_allrx10_sunruns/hires_kin/broadband_350.fits	1	3.41	5	1	0	0	0.5832114039791658	-2.092271718096729	3.761886938925123	-0.10239652547532607	-0.07274590592600796	1.6907	0.0976694345311848
134	q0.333_fg0.1_allrx10_sunruns/hires_kin_early_cen1/broadband_010.fits	1	0.1	6	1	0	0	0.6117702192205282	-1.5737840631722029	3.2619650881100752	0.0224299842211265	0.046625993333379696	0.6596	0.0925492702790855
135	q0.333_fg0.1_allrx10_sunruns/hires_kin_early_cen1/broadband_060.fits	1	0.59	6	1	0	0	0.5653790314873094	-1.5576230333110657	3.013326853287782	0.27376006835667394	0.07741204877018959	0.9683	0.7500308670601172
136	q0.333_fg0.1_allrx10_sunruns/hires_kin_early_cen1/broadband_070.fits	1	0.68	6	2	7.973216862652688	10.687595292492238	0.670042801161303	-2.2241945323203813	3.9954768619608574	0.08219768321361136	-0.0011525633453921586	1.7824	0.5526102367452408
137	q0.333_fg0.1_allrx10_sunruns/hires_kin_early_cen1/broadband_090.fits	1	0.88	6	2	9.997750149686475	20.411738695603496	0.6990861823666052	-2.168477360186409	3.6723445055049266	0.12582975103285288	0.001268683019017203	2.3392	0.48920818006854705
138	q0.333_fg0.1_allrx10_sunruns/hires_kin_early_cen1/broadband_120.fits	1	1.17	6	1	0	0	0.6124847817125993	-2.2820819117143833	3.9783748447579996	-0.021258474946497054	0.0030710742309626774	2.9695	0.37698308277055775
139	q0.333_fg0.1_allrx10_sunruns/hires_kin_early_cen1/broadband_140.fits	1	1.37	6	1	0	0	0.6735257661971015	-2.193842390427279	3.6359923475662157	0.046071123639853544	0.010722297781906453	2.8218	0.2651076449389239
140	q0.333_fg0.1_allrx10_sunruns/hires_kin/broadband_145.fits	1	1.42	6	1	0	0	0.6230256625356907	-2.2815019242704464	4.320520488912083	-0.07428650838585213	-0.001924594916887696	3.4365	0.23899242624136205
141	q0.333_fg0.1_allrx10_sunruns/hires_kin/broadband_150.fits	1	1.47	6	1	0	0	0.6489040383569752	-2.3120275431442843	4.0075888599833585	0.01745016645995099	0.006614386805754731	3.4185	0.3794988129041291
142	q0.333_fg0.1_allrx10_sunruns/hires_kin/broadband_155.fits	1	1.52	6	1	0	0	0.5359258741805559	-2.154267936086284	3.811877466581074	0.042962633994721736	-0.0038748048058103797	2.9912	0.35170585037955815
143	q0.333_fg0.1_allrx10_sunruns/hires_kin/broadband_170.fits	1	1.66	6	1	0	0	0.5265294399902257	-2.173131542196092	3.8858890103476433	-0.015823790688559113	-0.001510584190161273	3.0122	0.1420724379829597
144	q0.333_fg0.1_allrx10_sunruns/hires_kin/broadband_175.fits	1	1.71	6	1	0	0	0.5945578505982771	-2.190603414649756	4.093502231604002	-0.028273232197190724	0.016449509450837452	2.7684	0.3090525623593689
145	q0.333_fg0.1_allrx10_sunruns/hires_kin/broadband_180.fits	1	1.76	6	1	0	0	0.6120492236333378	-2.229763463117288	4.058649949340472	-0.04357481571429809	-0.007419244011217795	2.6588	0.13499393029671247
146	q0.333_fg0.1_allrx10_sunruns/hires_kin/broadband_185.fits	1	1.81	6	1	0	0	0.5971813642523329	-2.216175314695851	4.159225567345425	-0.0550728214297333	0.013681845676928798	2.6644	0.17440126004698367
147	q0.333_fg0.1_allrx10_sunruns/hires_kin/broadband_190.fits	1	1.86	6	1	0	0	0.6208511453671577	-2.141304358960986	3.5528556183245192	-0.008229785929586534	-0.008706986450021305	2.3432	0.20618456290743095
148	q0.333_fg0.1_allrx10_sunruns/hires_kin/broadband_195.fits	1	1.91	6	1	0	0	0.6010328393002202	-2.196470651886503	3.6856792694470246	-0.05057287872234901	0.007303724096309904	2.5497	0.16925960856259106
149	q0.333_fg0.1_allrx10_sunruns/hires_kin/broadband_200.fits	1	1.96	6	1	0	0	0.5853946939944015	-2.166170480856974	3.9846063037467996	-0.043192277864029835	0.003788044270510199	2.7648	0.08621198867614671
150	q0.333_fg0.1_allrx10_sunruns/hires_kin/broadband_210.fits	1	2.05	6	2	5.586464577192123	3.7098811777547747	0.6102751517418572	-0.955490500476658	3.681218964090989	0.32651531480691487	0.032257463347090135	2.734	0.7576374693247973
151	q0.333_fg0.1_allrx10_sunruns/hires_kin/broadband_215.fits	1	2.1	6	2	3.136738522025004	3.437478575072647	0.5806432034035224	-1.3304072321229596	3.1217144483931456	0.4314881752603368	0.029287289559433844	2.7548	0.6861108214852599
152	q0.333_fg0.1_allrx10_sunruns/hires_kin/broadband_220.fits	1	2.15	6	2	8.42640738821845	1.949126382769176	0.5704443014088675	-0.8588302435907021	3.790782984933168	0.2604551476596495	-0.1257845674869054	3.768	0.6900187892377472
153	q0.333_fg0.1_allrx10_sunruns/hires_kin/broadband_235.fits	1	2.3	6	2	11.526380837983044	4.671754364525735	0.5489676694692823	-2.033522988642085	3.428964411749676	0.027045235733800833	-0.008001515531590942	2.3072	0.26766170302604314
154	q0.333_fg0.1_allrx10_sunruns/hires_kin/broadband_240.fits	1	2.35	6	2	10.456903042966424	4.935373217511527	0.5288345758115629	-1.9769304869361748	3.5746133773008215	0.0231126137463386	-0.03574404873213496	2.0694	0.17667108249622526
155	q0.333_fg0.1_allrx10_sunruns/hires_kin/broadband_250.fits	1	2.44	6	2	4.762980538603026	4.368778235976425	0.5738305433884001	-0.9314030302458535	3.2490669670472974	0.2429795351016095	0.0495877428422971	2.1879	0.44140145246773654
156	q0.333_fg0.1_allrx10_sunruns/hires_kin/broadband_260.fits	1	2.54	6	2	2.645148043798519	12.480730343512791	0.5535438750404676	-1.382760880743659	3.3545350406604983	0.05201627704068424	-0.024017677798146734	1.9028	0.3459031587529105
157	q0.333_fg0.1_allrx10_sunruns/hires_kin/broadband_270.fits	1	2.64	6	2	2.3826593744059323	5.003109406395437	0.5735624103479066	-1.7669081162215454	3.7022574693166144	-0.02955026348217218	-0.15677502161353318	1.5457	0.42965305126654474
158	q0.333_fg0.1_allrx10_sunruns/hires_kin/broadband_290.fits	1	2.83	6	1	0	0	0.5838256826279935	-2.154935782916393	3.8677598780432163	-0.021640807918740037	-0.03917842874240946	2.179	0.10932221609875983
159	q0.333_fg0.1_allrx10_sunruns/hires_kin/broadband_310.fits	1	3.02	6	1	0	0	0.5858010112774426	-2.18307457663728	3.9166986292455275	-0.04338864929359546	-0.13616178984023913	2.3606	0.10264389726497179
160	q0.333_fg0.1_allrx10_sunruns/hires_kin/broadband_320.fits	1	3.12	6	1	0	0	0.5755400306724183	-2.158712444762428	3.8430961777564496	-0.051983317949472814	-0.1216321858568535	2.3561	0.120166189698317
161	q0.333_fg0.1_allrx10_sunruns/hires_kin/broadband_330.fits	1	3.22	6	1	0	0	0.5716425563920111	-2.0956649303339194	3.727081760748651	-0.05166846498460421	-0.04603697753670999	2.0539	0.12976112665224032
162	q0.333_fg0.1_allrx10_sunruns/hires_kin/broadband_340.fits	1	3.31	6	1	0	0	0.585687326791701	-2.1203903924332828	3.7928172121925554	-0.07936076916178407	-0.0518780760669792	2.2037	0.17190902810228362
163	q0.333_fg0.1_allrx10_sunruns/hires_kin/broadband_350.fits	1	3.41	6	1	0	0	0.5730973412369813	-2.166435700163157	3.907499267214913	-0.08391018363940807	-0.121291658685691	2.4566	0.13285853649191606
0	q0.333_fg0.1_allrx10_sunruns/hires_kin/broadband_410.fits	1	8.38	0	1	0	0	0.581582564678954	-2.376521348106443	3.908008137611386	-0.09566297229265576	-0.3012261166666998	4.8831	0.22743228255077344
1	q0.333_fg0.1_allrx10_sunruns/hires_kin/broadband_410.fits	1	8.38	1	1	0	0	0.5855223242544958	-2.346977770275849	3.9345161454959783	-0.14288924601958128	-0.2810368589188791	4.028	0.16160032942764807
2	q0.333_fg0.1_allrx10_sunruns/hires_kin/broadband_410.fits	1	8.38	2	1	0	0	0.5718397880366186	-2.3301381749450885	3.770769716926	-0.05661501736386654	-0.2023866349557885	4.9196	0.08911381689030061
3	q0.333_fg0.1_allrx10_sunruns/hires_kin/broadband_410.fits	1	8.38	3	1	0	0	0.5700268633860759	-2.2971203756136065	3.734916755930623	-0.051087115277324346	-0.17711391678924418	3.7256	0.13553103001317196
4	q0.333_fg0.1_allrx10_sunruns/hires_kin/broadband_410.fits	1	8.38	4	1	0	0	0.5677965951264512	-2.3272853585404443	3.797662186675053	-0.08443449442087501	-0.20746954072153995	5.3548	0.1682561885980186
5	q0.333_fg0.1_allrx10_sunruns/hires_kin/broadband_410.fits	1	8.38	5	1	0	0	0.5496332035153321	-2.0880249521649565	3.5178647508222207	-0.1943669372453168	-0.338047418866764	1.398	0.07848409693323521
6	q0.333_fg0.1_allrx10_sunruns/hires_kin/broadband_410.fits	1	8.38	6	1	0	0	0.5575446450134297	-2.211852712433997	3.7246567206666055	-0.10399124903685909	-0.23293347218969615	3.1715	0.15308736140276497
0	isolated_galaxies/m1_fg0.1/rot_45/broadband_005.fits	0	0.05	0	1	0	0	0.5107774893007602	-1.7671103966972672	2.7614226898528322	-0.04367283922009153	0.00077340130808382	0.8811	0.06078804923237806
1	isolated_galaxies/m1_fg0.1/rot_45/broadband_010.fits	0	0.1	0	1	0	0	0.5099129089954726	-1.7719197160150453	2.7520806940843014	-0.03192647757368838	-0.006941622324057766	0.8849	0.0433547861459728
2	isolated_galaxies/m1_fg0.1/rot_45/broadband_020.fits	0	0.2	0	1	0	0	0.49672524017614916	-1.7777146344238315	2.702142864421098	-0.024700034297244135	0.0017127753842722327	0.9143	0.06593447400674637
3	isolated_galaxies/m1_fg0.1/rot_45/broadband_030.fits	0	0.29	0	1	0	0	0.517075002473897	-1.7684662602613002	2.7743045286584227	-0.06776170797099217	-0.00596541665095451	0.8831	0.09680903720536775
4	isolated_galaxies/m1_fg0.1/rot_45/broadband_040.fits	0	0.39	0	1	0	0	0.5144966490828222	-1.7713839412746346	2.7529390995887497	-0.050588087785999575	-0.006179525850660213	0.9155	0.10971221198112727
5	isolated_galaxies/m1_fg0.1/rot_45/broadband_050.fits	0	0.49	0	1	0	0	0.48100434906275363	-1.7448458054849614	2.7549321521133963	-0.020261391245763122	-0.0044161359558530355	0.9236	0.062158550166899265
6	isolated_galaxies/m1_fg0.1/rot_45/broadband_060.fits	0	0.59	0	1	0	0	0.5187811670461224	-1.7764122094323507	2.763805910605649	-0.019103762744466072	0.0005879572192690931	0.907	0.1258636521196131
7	isolated_galaxies/m1_fg0.1/rot_45/broadband_100.fits	0	0.98	0	1	0	0	0.5349491430066564	-1.7613473020738444	2.807003391302068	-0.03005676432627454	0.003643130473357638	1.0066	0.14880181053164984
8	isolated_galaxies/m1_fg0.1/rot_45/broadband_200.fits	0	1.96	0	1	0	0	0.5486576865799591	-1.9999800776460692	3.460008818881831	-0.007944640834038388	-0.004900426776621516	2.359	0.2378406485289983
9	isolated_galaxies/m1_fg0.1/rot_45/broadband_005.fits	0	0.05	1	1	0	0	0.4970099824069233	-1.7255789195535276	2.792591627717192	-0.014310627100660927	0.002226830273028334	0.8498	0.05975929666848175
10	isolated_galaxies/m1_fg0.1/rot_45/broadband_010.fits	0	0.1	1	1	0	0	0.5089849775483895	-1.7483034296892421	2.7866786550870977	-0.05057047973846359	-0.003318849373024931	0.8406	0.05675654155356894
11	isolated_galaxies/m1_fg0.1/rot_45/broadband_020.fits	0	0.2	1	1	0	0	0.4792080758282696	-1.734249262628524	2.7503668930132323	-0.03597393499674637	-0.004077559993681453	0.846	0.08774856681744654
12	isolated_galaxies/m1_fg0.1/rot_45/broadband_030.fits	0	0.29	1	1	0	0	0.5081453241129257	-1.7164090956867124	2.7923060761241576	-0.027255532903117042	-0.0012492277874891257	0.8499	0.06646085540724468
13	isolated_galaxies/m1_fg0.1/rot_45/broadband_040.fits	0	0.39	1	1	0	0	0.5340868656644355	-1.7803381100508604	2.7787055625955714	-0.04079790712092458	-0.002209342250478179	0.8719	0.08907524948919648
14	isolated_galaxies/m1_fg0.1/rot_45/broadband_050.fits	0	0.49	1	1	0	0	0.49453483757808125	-1.7296829957644928	2.8151219466981754	-0.02604447677197296	-0.00350200938761531	0.8694	0.07988561034671753
15	isolated_galaxies/m1_fg0.1/rot_45/broadband_060.fits	0	0.59	1	1	0	0	0.5112557347332901	-1.7343021970259973	2.7502765592760814	0.004081146147703873	0.003954616126071835	0.8557	0.0803207823269305
16	isolated_galaxies/m1_fg0.1/rot_45/broadband_100.fits	0	0.98	1	1	0	0	0.5200590881029133	-1.7509683369717663	2.878192449996886	-0.02046917212040497	0.001060243952893187	0.9371	0.0986712835870534
17	isolated_galaxies/m1_fg0.1/rot_45/broadband_200.fits	0	1.96	1	1	0	0	0.5521646693425792	-2.0707901962100808	3.538873001547941	-0.051252180393811776	0.01025235405036805	2.1013	0.17178051428857127
18	isolated_galaxies/m1_fg0.1/rot_45/broadband_005.fits	0	0.05	2	1	0	0	0.503807177536238	-1.744644497245354	2.7919564107975736	-0.01817151890143579	-0.0037023497400700276	0.8606	0.06619389995852933
19	isolated_galaxies/m1_fg0.1/rot_45/broadband_010.fits	0	0.1	2	1	0	0	0.5157746637118807	-1.7419270432635858	2.7826204896654265	-0.04928181400503258	-0.004464229500115483	0.8462	0.08130206204545298
20	isolated_galaxies/m1_fg0.1/rot_45/broadband_020.fits	0	0.2	2	1	0	0	0.49139393236936224	-1.776991250593344	2.7690537899678302	-0.022232150631939975	0.0004238249173862662	0.8605	0.050544284762221114
21	isolated_galaxies/m1_fg0.1/rot_45/broadband_030.fits	0	0.29	2	1	0	0	0.5167277072978457	-1.763885441522237	2.812885728035515	-0.04038040731086092	-0.002861190381259637	0.8614	0.0693488055771745
22	isolated_galaxies/m1_fg0.1/rot_45/broadband_040.fits	0	0.39	2	1	0	0	0.5208264146725101	-1.717044018923968	2.7873405187143967	-0.03943447353706585	-0.002465638217112426	0.8591	0.07013605860765289
23	isolated_galaxies/m1_fg0.1/rot_45/broadband_050.fits	0	0.49	2	1	0	0	0.48242580454742207	-1.740995234724458	2.798730600737272	-0.02500394223671567	-0.002112993198891445	0.886	0.079833704145213
24	isolated_galaxies/m1_fg0.1/rot_45/broadband_060.fits	0	0.59	2	1	0	0	0.5139413052670717	-1.772565065660966	2.813672126393837	-0.04486480012795207	-0.0004513373744984875	0.8743	0.11596564226796016
25	isolated_galaxies/m1_fg0.1/rot_45/broadband_100.fits	0	0.98	2	1	0	0	0.528496684562676	-1.6498585569171877	2.783580650039556	-0.010348527956075475	0.010053917035790805	0.93	0.0936107783680887
26	isolated_galaxies/m1_fg0.1/rot_45/broadband_200.fits	0	1.96	2	1	0	0	0.5256663910373494	-1.6646254134479748	2.9619057022929223	0.010739103185537427	0.03183142348436718	1.8629	0.09557595111065981
27	isolated_galaxies/m1_fg0.1/rot_45/broadband_005.fits	0	0.05	3	1	0	0	0.5026951617502385	-1.7435451710770333	2.7961544340323323	-0.03405356231062538	-0.0017230205939290438	0.8546	0.06644691657192875
28	isolated_galaxies/m1_fg0.1/rot_45/broadband_010.fits	0	0.1	3	1	0	0	0.5142398352146957	-1.7110027195768682	2.733636771888266	-0.024925716285757307	0.0016881612136498585	0.8313	0.050105565727035555
29	isolated_galaxies/m1_fg0.1/rot_45/broadband_020.fits	0	0.2	3	1	0	0	0.4828427394492439	-1.7143568807961977	2.7639547907086315	-0.030983970433162495	-0.005310130406544626	0.8469	0.04796229533055947
30	isolated_galaxies/m1_fg0.1/rot_45/broadband_030.fits	0	0.29	3	1	0	0	0.5142667927347889	-1.7805293888730833	2.8223352665631722	-0.046660154046287164	-0.003921699903003483	0.8707	0.05525517815540976
31	isolated_galaxies/m1_fg0.1/rot_45/broadband_040.fits	0	0.39	3	1	0	0	0.49263242153956643	-1.7203618131991483	2.751494255651296	-0.02201446936040105	0.0019285553739027193	0.8594	0.10386588950693806
32	isolated_galaxies/m1_fg0.1/rot_45/broadband_050.fits	0	0.49	3	1	0	0	0.48371700723018346	-1.736252033697538	2.810478331997819	-0.007134774054722225	0.004813100766841967	0.8764	0.08171334025525287
33	isolated_galaxies/m1_fg0.1/rot_45/broadband_060.fits	0	0.59	3	1	0	0	0.5092960668681551	-1.7284239530346233	2.8104442969089733	-0.04119252185468117	-0.009138548531028311	0.8572	0.08186961788376396
34	isolated_galaxies/m1_fg0.1/rot_45/broadband_100.fits	0	0.98	3	1	0	0	0.5153939997003166	-1.7759214083644164	2.793404557156713	-0.014350087766726421	0.007793267857073043	0.9482	0.10464161302485897
35	isolated_galaxies/m1_fg0.1/rot_45/broadband_200.fits	0	1.96	3	1	0	0	0.5376191280126031	-1.7844068307009402	3.1217192889078493	-0.023415560741573204	0.01940620768176024	1.943	0.09735251606898476
36	isolated_galaxies/m1_fg0.1/rot_45/broadband_005.fits	0	0.05	4	1	0	0	0.5259657659128463	-1.802577200849706	2.722618125816363	-0.0522428075262017	-0.05935661856920423	0.8822	0.04971718623884205
37	isolated_galaxies/m1_fg0.1/rot_45/broadband_020.fits	0	0.2	4	1	0	0	0.49351072029491394	-1.7827596028366057	2.654366201983425	-0.05111982064754961	-0.03968541045847832	0.9495	0.08388486691838604
38	isolated_galaxies/m1_fg0.1/rot_45/broadband_050.fits	0	0.49	4	1	0	0	0.5087985412217721	-1.7748934907801657	2.691714730199797	-0.05448046013653272	-0.059509287001374755	0.9482	0.08849643759526014
39	isolated_galaxies/m1_fg0.1/rot_45/broadband_005.fits	0	0.05	5	1	0	0	0.5113358229597517	-1.787303205627103	2.720053944032865	-0.05492943015338038	-0.05363876858616763	0.8819	0.0798934479754656
40	isolated_galaxies/m1_fg0.1/rot_45/broadband_010.fits	0	0.1	5	1	0	0	0.5252542930649821	-1.7826140100447148	2.681399593111876	-0.07636050994415214	-0.05795600733857099	0.9037	0.059987859895581
41	isolated_galaxies/m1_fg0.1/rot_45/broadband_020.fits	0	0.2	5	1	0	0	0.5110452742573717	-1.792934830486707	2.665124713304994	-0.07671697460697872	-0.06247766259284853	0.9517	0.09715110594291337
42	isolated_galaxies/m1_fg0.1/rot_45/broadband_040.fits	0	0.39	5	1	0	0	0.5245757060776662	-1.7755310947090481	2.7008873147879298	-0.06487331759243586	-0.054449359431532736	0.9436	0.12738209471662845
43	isolated_galaxies/m1_fg0.1/rot_45/broadband_050.fits	0	0.49	5	1	0	0	0.502183729741102	-1.7751549628924144	2.694892587817885	-0.04526950478798011	-0.04784773234697682	0.9581	0.07171487705592595
44	isolated_galaxies/m1_fg0.1/rot_45/broadband_005.fits	0	0.05	6	1	0	0	0.5080107058422402	-1.7839325793574432	2.7057909261089206	-0.0697627059277631	-0.06066307688759188	0.883	0.056310144764492795
45	isolated_galaxies/m1_fg0.1/rot_45/broadband_010.fits	0	0.1	6	1	0	0	0.5202605524942244	-1.7762732074019927	2.658876110577358	-0.06537670093044894	-0.06533286719857302	0.9105	0.05551191850527145
46	isolated_galaxies/m1_fg0.1/rot_45/broadband_020.fits	0	0.2	6	1	0	0	0.49552884153755866	-1.7765334924526628	2.672002681371187	-0.06398149210979402	-0.039966871391599566	0.9444	0.056418133022966256
47	isolated_galaxies/m1_fg0.1/rot_45/broadband_040.fits	0	0.39	6	1	0	0	0.5248475447119443	-1.776179391107303	2.6730534543807294	-0.058062046070347595	-0.08439883981836237	0.941	0.09884619702141018
48	isolated_galaxies/m1_fg0.1/rot_45/broadband_050.fits	0	0.49	6	1	0	0	0.49540626485882866	-1.7676746283129168	2.6770474696079076	-0.06422117152778452	-0.05222972527631687	0.9475	0.05808142299446839
0	isolated_galaxies/m0.333_fg0.1/rot_45/broadband_005.fits	0	0.05	0	1	0	0	0.49401276947244804	-1.751559671349374	2.75655491369379	-0.08879286100885382	-0.005641771656511508	0.874	0.08397675988082397
1	isolated_galaxies/m0.333_fg0.1/rot_45/broadband_010.fits	0	0.1	0	1	0	0	0.5068395695741016	-1.7381269873973215	2.7120155430556645	-0.08899532850517249	-0.007070683375107626	0.8716	0.12250984921501083
2	isolated_galaxies/m0.333_fg0.1/rot_45/broadband_030.fits	0	0.29	0	1	0	0	0.5358991090967172	-1.8058017817801464	2.7867608207520695	-0.06738968403506845	-0.0037156576685728995	0.8944	0.10905716638872785
3	isolated_galaxies/m0.333_fg0.1/rot_45/broadband_050.fits	0	0.49	0	1	0	0	0.49667035673588905	-1.7448444845293816	2.741095600210021	-0.09488252941692463	-0.032022155576489096	0.9217	0.16308107358653368
4	isolated_galaxies/m0.333_fg0.1/rot_45/broadband_100.fits	0	0.98	0	1	0	0	0.49345261408463936	-1.7013025120971625	2.7864540711040338	0.024681010993927763	-0.04563223626264477	1.1626	0.19631183697426344
5	isolated_galaxies/m0.333_fg0.1/rot_45/broadband_005.fits	0	0.05	1	1	0	0	0.49422950966409107	-1.7272895137834736	2.784764502752691	-0.07377565761201926	0.0017801686115703522	0.8451	0.05956512373536723
6	isolated_galaxies/m0.333_fg0.1/rot_45/broadband_010.fits	0	0.1	1	1	0	0	0.487533368061505	-1.7019789699342112	2.7455893593057317	-0.048168224093920554	-0.0024865918201173627	0.8302	0.08810575975555389
7	isolated_galaxies/m0.333_fg0.1/rot_45/broadband_030.fits	0	0.29	1	1	0	0	0.5214793371844012	-1.790564481405911	2.8561377275027295	-0.12279475864397296	-0.015178571732887794	0.8835	0.08784920514504461
8	isolated_galaxies/m0.333_fg0.1/rot_45/broadband_050.fits	0	0.49	1	1	0	0	0.48654018786697495	-1.7381204429839567	2.7901094059035376	-0.06522313977538007	-0.005879013461417212	0.863	0.11503800871865487
9	isolated_galaxies/m0.333_fg0.1/rot_45/broadband_100.fits	0	0.98	1	1	0	0	0.5151831004459894	-1.6697292282999738	2.7862446064687303	0.008553443244334527	-0.0021016549204776677	1.0174	0.2013655440916921
10	isolated_galaxies/m0.333_fg0.1/rot_45/broadband_200.fits	0	1.96	1	1	0	0	0.5252674361796965	-2.009067910153454	3.5437197595042673	-0.1193389296199133	-0.021326455306335125	2.3934	0.17643908271412156
11	isolated_galaxies/m0.333_fg0.1/rot_45/broadband_005.fits	0	0.05	2	1	0	0	0.500390492420967	-1.7219729413056213	2.794363516824339	-0.04764171312220669	0.004637346100835253	0.8464	0.06649789925244497
12	isolated_galaxies/m0.333_fg0.1/rot_45/broadband_010.fits	0	0.1	2	1	0	0	0.5141827377391271	-1.7649984975279787	2.7767606389364174	-0.060388735549693456	-0.0013595724727616138	0.8553	0.09272992237917589
13	isolated_galaxies/m0.333_fg0.1/rot_45/broadband_030.fits	0	0.29	2	1	0	0	0.526500463201802	-1.7393148561523912	2.8323435158489736	-0.030662269864806337	2.768481110054974e-06	0.8726	0.09331520149728703
14	isolated_galaxies/m0.333_fg0.1/rot_45/broadband_050.fits	0	0.49	2	1	0	0	0.48050826818653297	-1.6930869646050268	2.726076240772578	-0.04867767092819099	0.009621259908820507	0.8708	0.17391290790307895
15	isolated_galaxies/m0.333_fg0.1/rot_45/broadband_100.fits	0	0.98	2	1	0	0	0.5309968249894148	-1.7841110726004743	2.8979529592302864	-0.000503417693626437	-0.00026152776044910907	1.0445	0.17078598048140023
16	isolated_galaxies/m0.333_fg0.1/rot_45/broadband_200.fits	0	1.96	2	1	0	0	0.5425614082796241	-1.8389668433995503	3.1861645643582133	-0.0665594418433486	0.007364293235638699	2.0688	0.22390974373016118
17	isolated_galaxies/m0.333_fg0.1/rot_45/broadband_005.fits	0	0.05	3	1	0	0	0.49763820078651977	-1.7192147604953456	2.7800653694467368	-0.07335450018169405	-0.003011247726231559	0.8523	0.09078641847469161
18	isolated_galaxies/m0.333_fg0.1/rot_45/broadband_010.fits	0	0.1	3	1	0	0	0.5034991694618254	-1.7181613445461004	2.802236969818571	-0.07480265471481784	-0.004126577815661412	0.8192	0.083784636676585
19	isolated_galaxies/m0.333_fg0.1/rot_45/broadband_030.fits	0	0.29	3	1	0	0	0.5226332936107512	-1.7203826460093843	2.7935383833356635	-0.046178776760238724	-0.009815263354172757	0.8785	0.09785381733420376
20	isolated_galaxies/m0.333_fg0.1/rot_45/broadband_050.fits	0	0.49	3	1	0	0	0.4897424047941063	-1.7494656697685511	2.8475852940112008	-0.060008456137998156	0.0004382446912892184	0.8701	0.10109431801281993
21	isolated_galaxies/m0.333_fg0.1/rot_45/broadband_100.fits	0	0.98	3	1	0	0	0.5123790555730934	-1.8227685780509337	2.941685549136031	-0.022964435496370325	0.0018208155385271985	1.0512	0.1563086701251717
22	isolated_galaxies/m0.333_fg0.1/rot_45/broadband_200.fits	0	1.96	3	1	0	0	0.5268252290938846	-1.941066508499251	3.3275202792212473	-0.07140376176662679	0.0009941021237165728	2.2173	0.17215480241091874
23	isolated_galaxies/m0.333_fg0.1/rot_45/broadband_005.fits	0	0.05	4	1	0	0	0.5126788901141274	-1.7653176050433368	2.6598050002751017	-0.154298574871206	-0.10183542077395674	0.8743	0.13963429787522644
24	isolated_galaxies/m0.333_fg0.1/rot_45/broadband_010.fits	0	0.1	4	1	0	0	0.5186691326209484	-1.7544609633431805	2.6292507898510804	-0.08263443628761401	-0.079003319905278	0.8784	0.08001178473618162
25	isolated_galaxies/m0.333_fg0.1/rot_45/broadband_050.fits	0	0.49	4	1	0	0	0.5078517549807173	-1.749824664270457	2.632686266015598	-0.10108707195830219	-0.11683643852498364	0.9121	0.13506029611072354
26	isolated_galaxies/m0.333_fg0.1/rot_45/broadband_005.fits	0	0.05	5	1	0	0	0.4956750566132728	-1.7541015777533011	2.681418608373998	-0.11338667740294593	-0.055241063369660226	0.8874	0.08027876967115533
27	isolated_galaxies/m0.333_fg0.1/rot_45/broadband_010.fits	0	0.1	5	1	0	0	0.4959467784685895	-1.7434694615151465	2.632163367318019	-0.04881445978223617	-0.06282172501815839	0.8916	0.11697625700333714
28	isolated_galaxies/m0.333_fg0.1/rot_45/broadband_050.fits	0	0.49	5	1	0	0	0.5058348388312379	-1.7391644226905758	2.6522121006115125	-0.1031410097704147	-0.11922513811013111	0.9475	0.16253687201877176
29	isolated_galaxies/m0.333_fg0.1/rot_45/broadband_100.fits	0	0.98	5	1	0	0	0.5007782013494037	-1.7391570961363934	2.7257205630087373	0.024770445735169556	-0.1731034634271283	1.2859	0.2511735741679972
30	isolated_galaxies/m0.333_fg0.1/rot_45/broadband_005.fits	0	0.05	6	1	0	0	0.52050719048127	-1.7789546091769202	2.6824939470854487	-0.12041885180830082	-0.09256208121626583	0.8938	0.056148248050801736
31	isolated_galaxies/m0.333_fg0.1/rot_45/broadband_010.fits	0	0.1	6	1	0	0	0.514888868828886	-1.7537730924012978	2.622042883507519	-0.07786560909641632	-0.08485053595401258	0.8786	0.10399613396331847
32	isolated_galaxies/m0.333_fg0.1/rot_45/broadband_050.fits	0	0.49	6	1	0	0	0.5123169760819444	-1.7399657599242586	2.6861058121943966	-0.09864892704464225	-0.11038621212866886	0.9475	0.1279040880812071