Counter	Image	class label	Myr	Viewpoint	# Bulges	Sep	Flux Ratio	Gini	M20	C	A	S	Sersic n	A_s
0	q0.2_fg0.3_BT0.2_allrx10_sunruns/hires_kin_early_cen1/broadband_005.fits	1	0.05	0	1	0	0	0.5269305123232655	-1.9147754602325757	3.0109704657679233	-0.05272927619230342	-0.025385735265382115	1.4843	0.09885685850369706
1	q0.2_fg0.3_BT0.2_allrx10_sunruns/hires_kin_early_cen1/broadband_060.fits	1	0.59	0	1	0	0	0.5678093222473974	-1.7625613949471248	3.0532339914000888	0.11231468595050564	0.06828450060687896	0.9366	0.35305386052732457
2	q0.2_fg0.3_BT0.2_allrx10_sunruns/hires_kin_early_cen1/broadband_090.fits	1	0.88	0	1	0	0	0.50352968547718	-1.9238698825967695	2.9943291170546376	-0.0025848054667817234	0.0323103643013989	1.4679	0.17761988714371585
3	q0.2_fg0.3_BT0.2_allrx10_sunruns/hires_kin_early_cen1/broadband_120.fits	1	1.17	0	1	0	0	0.5394587995166638	-1.9414145848857203	3.078090192050494	0.09276600300156705	0.009628592146457926	1.5555	0.2612649289557598
4	q0.2_fg0.3_BT0.2_allrx10_sunruns/hires_kin_early_cen1/broadband_150.fits	1	1.47	0	1	0	0	0.5242228628640923	-1.9382307396674932	3.0179166303534153	0.02464094504650193	0.005041584208745184	1.5501	0.12422733796077318
5	q0.2_fg0.3_BT0.2_allrx10_sunruns/hires_kin_early_cen1/broadband_180.fits	1	1.76	0	1	0	0	0.5144862146801317	-1.9491737484801872	3.101190963849547	-0.02835668437557446	-0.002693751484355972	1.6209	0.13358473043879454
6	q0.2_fg0.3_BT0.2_allrx10_sunruns/hires_kin_early_cen1/broadband_210.fits	1	2.05	0	1	0	0	0.5350281272933527	-1.9674826246447226	3.118527909864823	-0.022138508382568138	0.005236462751272898	1.6881	0.17243493579336833
7	q0.2_fg0.3_BT0.2_allrx10_sunruns/hires_kin_early_cen1/broadband_240.fits	1	2.35	0	1	0	0	0.48776487022793297	-1.963687959922918	3.0633218978981573	-0.018067246315671106	-0.003433167742869556	1.7488	0.1197094132475701
8	q0.2_fg0.3_BT0.2_allrx10_sunruns/hires_kin_early_cen1/broadband_270.fits	1	2.64	0	2	3.380154337781379	2.2311049512962087	0.5201674716774436	-1.4953565348364086	2.7813234449777897	0.43712311847049895	0.01276620519822543	1.5791	0.5016591778511122
9	q0.2_fg0.3_BT0.2_allrx10_sunruns/hires_kin_early_cen1/broadband_300.fits	1	2.93	0	1	0	0	0.5897988932775584	-1.9899371242877144	3.3297745585674834	0.079090945494712	0.00406584169750524	1.7993	0.36362623281668377
10	q0.2_fg0.3_BT0.2_allrx10_sunruns/hires_kin/broadband_320.fits	1	3.13	0	2	7.739164975933932	11.885022274370183	0.5686288031628387	-0.8503207139213936	3.6536963385254277	0.14817880502147437	0.0029030914722930753	1.8175	0.3582503696456382
11	q0.2_fg0.3_BT0.2_allrx10_sunruns/hires_kin/broadband_340.fits	1	3.32	0	1	0	0	0.5722218906469032	-1.2629964701123	3.3658645758876373	0.07915981285127813	-0.04325174462908604	2.3018	0.6286849431172946
12	q0.2_fg0.3_BT0.2_allrx10_sunruns/hires_kin/broadband_360.fits	1	3.52	0	1	0	0	0.602691687617036	-2.0839092342069274	3.3557919545608033	0.033135983383432425	-0.07448698789404008	2.0297	0.4237754635362737
13	q0.2_fg0.3_BT0.2_allrx10_sunruns/hires_kin/broadband_380.fits	1	3.72	0	1	0	0	0.5708934478236652	-2.02002176393449	3.3509583632087825	-0.005901765490354984	-0.056079886222611966	2.1893	0.4144268010279148
14	q0.2_fg0.3_BT0.2_allrx10_sunruns/hires_kin/broadband_400.fits	1	3.91	0	1	0	0	0.5856768973410301	-2.0553549050564537	3.396318912769108	-0.007925390297736272	-0.06215656263738019	2.0595	0.3482789278668307
15	q0.2_fg0.3_BT0.2_allrx10_sunruns/hires_kin/broadband_420.fits	1	4.11	0	1	0	0	0.5684178671882789	-2.0209444684557103	3.1562444727192585	-0.029305836512513585	-0.07147903049482157	1.876	0.18468463741751198
16	q0.2_fg0.3_BT0.2_allrx10_sunruns/hires_kin/broadband_440.fits	1	4.29	0	1	0	0	0.6053724372634349	-2.126350433154826	3.3339813130382074	-0.07629865442238551	-0.07836844363093354	2.1327	0.180091303840615
17	q0.2_fg0.3_BT0.2_allrx10_sunruns/hires_kin/broadband_460.fits	1	4.49	0	1	0	0	0.5931961424053952	-2.0766395577127543	3.268767497510165	-0.017983466244242338	-0.09296747521290669	1.987	0.19749476187393147
18	q0.2_fg0.3_BT0.2_allrx10_sunruns/hires_kin/broadband_480.fits	1	4.68	0	1	0	0	0.5816617210719528	-2.0380711652461385	3.2190547267236296	-0.02574859037652384	-0.09818864452673975	1.9385	0.3211486200367682
19	q0.2_fg0.3_BT0.2_allrx10_sunruns/hires_kin/broadband_500.fits	1	4.88	0	1	0	0	0.5842187760504086	-2.0475830506143584	3.2724782286107326	-0.11393031786126444	-0.03580170430321943	1.8951	0.23067982258100625
20	q0.2_fg0.3_BT0.2_allrx10_sunruns/hires_kin_early_cen1/broadband_005.fits	1	0.05	1	1	0	0	0.5940467880655151	-1.6985371700967964	3.4176003551848693	0.016989856053127046	0.05711542418957023	0.6685	0.07875578027998117
21	q0.2_fg0.3_BT0.2_allrx10_sunruns/hires_kin_early_cen1/broadband_060.fits	1	0.59	1	1	0	0	0.6060231981279468	-1.884309390458772	3.6915937290814442	0.02496355725981564	0.09553293902889953	0.7711	0.33852763446534095
22	q0.2_fg0.3_BT0.2_allrx10_sunruns/hires_kin_early_cen1/broadband_090.fits	1	0.88	1	1	0	0	0.5309727236195579	-1.6222787309184272	3.167064111559519	0.0021885772867017237	0.022724619078853862	0.7191	0.2794493867189749
23	q0.2_fg0.3_BT0.2_allrx10_sunruns/hires_kin_early_cen1/broadband_120.fits	1	1.17	1	1	0	0	0.5957212181122689	-1.8107456039054324	3.2740627814116823	-0.01613534492940768	0.01601679098374029	0.8802	0.20377628027444086
24	q0.2_fg0.3_BT0.2_allrx10_sunruns/hires_kin_early_cen1/broadband_150.fits	1	1.47	1	1	0	0	0.5252851372491422	-1.704312422127583	3.2165546015297526	-0.008528161017186902	0.024529627020597147	0.8602	0.12900073918096708
25	q0.2_fg0.3_BT0.2_allrx10_sunruns/hires_kin_early_cen1/broadband_180.fits	1	1.76	1	1	0	0	0.5378942406012441	-1.8410643541799758	3.266481408584217	-0.024369209202581323	0.02184592647999499	0.9066	0.09505735982217041
26	q0.2_fg0.3_BT0.2_allrx10_sunruns/hires_kin_early_cen1/broadband_210.fits	1	2.05	1	1	0	0	0.5263767802258914	-1.8053628436834308	3.2385605567701075	-0.03447580893690602	0.00869373736186556	0.9253	0.09786902091576292
27	q0.2_fg0.3_BT0.2_allrx10_sunruns/hires_kin_early_cen1/broadband_240.fits	1	2.35	1	1	0	0	0.5320879131967563	-1.8104379828332946	3.222256665498767	-0.03416752634067192	0.010665330049293778	0.8779	0.08304227214951447
28	q0.2_fg0.3_BT0.2_allrx10_sunruns/hires_kin_early_cen1/broadband_270.fits	1	2.64	1	2	13.569717447121844	2.5019579136939294	0.4936698532233131	-1.4426137412120752	2.7758123636052527	0.3008591754520885	0.015005661273712839	0.8827	0.3217172443170551
29	q0.2_fg0.3_BT0.2_allrx10_sunruns/hires_kin_early_cen1/broadband_300.fits	1	2.93	1	1	0	0	0.5721063176345361	-1.797679948714224	3.2635430888568875	0.09998761137796529	0.005915266501920248	1.4418	0.3176272390224189
30	q0.2_fg0.3_BT0.2_allrx10_sunruns/hires_kin/broadband_320.fits	1	3.13	1	2	7.833525449133516	9.095781099372957	0.5488888179685676	-0.8301861228597475	3.704985845190016	0.09866214211064209	0.029173184394689883	1.4311	0.34906398567031993
31	q0.2_fg0.3_BT0.2_allrx10_sunruns/hires_kin/broadband_340.fits	1	3.32	1	1	0	0	0.5478176364593865	-1.465232231536436	3.4622442888556892	0.12348473711334743	0.023387899488391626	1.5445	0.18597383825671315
32	q0.2_fg0.3_BT0.2_allrx10_sunruns/hires_kin/broadband_360.fits	1	3.52	1	1	0	0	0.5646012452600311	-1.9391135060969054	3.30085816718157	0.03413111466118774	-0.0016180594187502663	1.4161	0.26061144999764546
33	q0.2_fg0.3_BT0.2_allrx10_sunruns/hires_kin/broadband_380.fits	1	3.72	1	1	0	0	0.5443146182689591	-1.9422705253763384	3.3965381664542473	0.06142072109915508	-0.0026439986493818016	1.5983	0.2908270547596619
34	q0.2_fg0.3_BT0.2_allrx10_sunruns/hires_kin/broadband_400.fits	1	3.91	1	1	0	0	0.5511314198117695	-1.9251471878543482	3.4708134868230145	-0.018645455965934928	-0.0030087593287482137	1.5504	0.2538461008897172
35	q0.2_fg0.3_BT0.2_allrx10_sunruns/hires_kin/broadband_420.fits	1	4.11	1	1	0	0	0.5747204549907428	-1.9412374164287391	3.249078560942238	-0.027623316281213846	0.004827601955671753	1.4838	0.1517562947627657
36	q0.2_fg0.3_BT0.2_allrx10_sunruns/hires_kin/broadband_440.fits	1	4.29	1	1	0	0	0.5754089213309598	-1.9564099211656063	3.4512242547292518	-0.0645510547128704	-0.011076478483806926	1.5294	0.11405165534778272
37	q0.2_fg0.3_BT0.2_allrx10_sunruns/hires_kin/broadband_460.fits	1	4.49	1	1	0	0	0.5482450920863139	-1.9460657606996983	3.3311388369156085	-0.029620516913042582	0.005876470731935668	1.5218	0.0887963177995565
38	q0.2_fg0.3_BT0.2_allrx10_sunruns/hires_kin/broadband_480.fits	1	4.68	1	1	0	0	0.5629652540918144	-1.9317005352396661	3.318330449561022	-0.030190484359937236	0.0031167307558335787	1.5393	0.08480820454809301
39	q0.2_fg0.3_BT0.2_allrx10_sunruns/hires_kin/broadband_500.fits	1	4.88	1	1	0	0	0.5482960936353004	-1.9487314642319544	3.3377516976096375	-0.011723436442788972	0.0011777329759364635	1.5156	0.14332095303613757
40	q0.2_fg0.3_BT0.2_allrx10_sunruns/hires_kin_early_cen1/broadband_005.fits	1	0.05	2	1	0	0	0.5763805760975831	-1.7185538861761624	3.3416988270873977	-0.0343372178119967	0.01772535529348687	0.7268	0.127730263971344
41	q0.2_fg0.3_BT0.2_allrx10_sunruns/hires_kin_early_cen1/broadband_060.fits	1	0.59	2	1	0	0	0.6021610328977601	-1.3307806376447184	2.2560377371920444	0.1292696602008833	0.014177953592945845	0.5655	0.5801248366425124
42	q0.2_fg0.3_BT0.2_allrx10_sunruns/hires_kin_early_cen1/broadband_090.fits	1	0.88	2	1	0	0	0.5926624650999531	-1.7888089179679967	2.8533909614119715	0.056331917192364446	0.012556997238934635	0.8655	0.2362799125971047
43	q0.2_fg0.3_BT0.2_allrx10_sunruns/hires_kin_early_cen1/broadband_120.fits	1	1.17	2	1	0	0	0.49675580995896856	-1.7614410549542874	3.015490946146964	0.03689752644765541	0.009586472942274108	0.9106	0.2421787773457457
44	q0.2_fg0.3_BT0.2_allrx10_sunruns/hires_kin_early_cen1/broadband_150.fits	1	1.47	2	1	0	0	0.49077460075237717	-1.783182629135186	3.105728334203919	-0.02253151321494775	0.006257431872611364	0.9294	0.13410422771190064
45	q0.2_fg0.3_BT0.2_allrx10_sunruns/hires_kin_early_cen1/broadband_180.fits	1	1.76	2	1	0	0	0.5178651911181295	-1.8013240505621184	3.0861368069056976	-0.03813197697630106	0.002095247984351683	1.0343	0.10377673426340363
46	q0.2_fg0.3_BT0.2_allrx10_sunruns/hires_kin_early_cen1/broadband_210.fits	1	2.05	2	1	0	0	0.5256690238554864	-1.8496433033889101	3.1402051204582997	0.01851990298797888	0.008216551517362797	1.1185	0.16168026807168015
47	q0.2_fg0.3_BT0.2_allrx10_sunruns/hires_kin_early_cen1/broadband_240.fits	1	2.35	2	1	0	0	0.475286104036452	-1.8367195109319352	3.080811504534011	-0.03993061493575315	0.007594982830432489	1.0351	0.1246993919041448
48	q0.2_fg0.3_BT0.2_allrx10_sunruns/hires_kin_early_cen1/broadband_270.fits	1	2.64	2	2	7.5030633118895125	8.965200362147367	0.5077223807923085	-1.2985910298382128	2.733742958030063	0.46008105739075594	0.02431592106551196	1.1284	0.4593228010671156
49	q0.2_fg0.3_BT0.2_allrx10_sunruns/hires_kin_early_cen1/broadband_300.fits	1	2.93	2	1	0	0	0.562607639047611	-1.8913005460428158	3.19103549114031	0.07332882031223727	0.005508126889189467	1.4701	0.22833631100480964
50	q0.2_fg0.3_BT0.2_allrx10_sunruns/hires_kin/broadband_320.fits	1	3.13	2	2	3.542643582913134	11.350108156723143	0.5449920505126045	-1.2594080175231803	3.0185497526867318	0.17849270853551025	0.02382547381898031	1.4977	0.3479617934111486
51	q0.2_fg0.3_BT0.2_allrx10_sunruns/hires_kin/broadband_340.fits	1	3.32	2	2	2.138106061447844	8.130551405672358	0.5679067139870169	-1.6309555065516765	3.3056714618017367	0.10589705638756595	0.023234229800707377	1.6299	0.3277916329490566
52	q0.2_fg0.3_BT0.2_allrx10_sunruns/hires_kin/broadband_360.fits	1	3.52	2	1	0	0	0.5753174271403504	-1.8821012245053028	3.2193856231839924	0.03480999983662394	0.009370364205675762	1.4394	0.3317269119068726
53	q0.2_fg0.3_BT0.2_allrx10_sunruns/hires_kin/broadband_380.fits	1	3.72	2	1	0	0	0.5554432365367161	-1.8886701335180653	3.333532973025752	-0.013796943313414047	-0.009630758272503372	1.714	0.35560954582596593
54	q0.2_fg0.3_BT0.2_allrx10_sunruns/hires_kin/broadband_400.fits	1	3.91	2	1	0	0	0.5659220332386349	-1.9792016326373456	3.3500792827416612	-0.030079535537172793	-0.009047140470276932	1.7065	0.19482507927898254
55	q0.2_fg0.3_BT0.2_allrx10_sunruns/hires_kin/broadband_420.fits	1	4.11	2	1	0	0	0.5654703695250158	-1.9723337483834489	3.3854982814444172	-0.10331734577663959	-0.0075036488530485345	1.6037	0.28769144646013567
56	q0.2_fg0.3_BT0.2_allrx10_sunruns/hires_kin/broadband_440.fits	1	4.29	2	1	0	0	0.5677248181621533	-1.9863515326312313	3.2712508072724606	-0.04653885384638747	-0.0018852196088939169	1.6656	0.15790344670937895
57	q0.2_fg0.3_BT0.2_allrx10_sunruns/hires_kin/broadband_460.fits	1	4.49	2	1	0	0	0.5774570471176432	-1.9687927020239502	3.362925191674289	-0.038551405512449476	-0.011856215674009601	1.599	0.10864922636185224
58	q0.2_fg0.3_BT0.2_allrx10_sunruns/hires_kin/broadband_480.fits	1	4.68	2	1	0	0	0.5605787949669229	-1.970538633888124	3.233436819770063	-0.047305819510322575	-0.007123493862207102	1.6299	0.15823740668296055
59	q0.2_fg0.3_BT0.2_allrx10_sunruns/hires_kin/broadband_500.fits	1	4.88	2	1	0	0	0.5816363337065708	-1.9702026842547793	3.300674244854311	-0.07368463067460354	-0.01016777810262693	1.5924	0.23349371847764444
60	q0.2_fg0.3_BT0.2_allrx10_sunruns/hires_kin_early_cen1/broadband_005.fits	1	0.05	3	1	0	0	0.5170981221986152	-1.8885145887002335	3.0017647818336672	-0.05427780519664152	-0.011579175692408631	1.3828	0.05946209844155838
61	q0.2_fg0.3_BT0.2_allrx10_sunruns/hires_kin_early_cen1/broadband_060.fits	1	0.59	3	1	0	0	0.5481220087004366	-1.8476736265739166	2.954757254974094	0.11158770260040791	0.04957640863210075	0.953	0.2832838233762649
62	q0.2_fg0.3_BT0.2_allrx10_sunruns/hires_kin_early_cen1/broadband_090.fits	1	0.88	3	1	0	0	0.5015898292678496	-1.8658479074409304	2.855743635349635	0.03179728247050494	0.0287279564985159	1.2569	0.2674923221953728
63	q0.2_fg0.3_BT0.2_allrx10_sunruns/hires_kin_early_cen1/broadband_120.fits	1	1.17	3	1	0	0	0.5393941696346124	-1.891623716669065	2.9005015525826554	0.062250032302251845	0.00980499512147574	1.3793	0.1419772464024754
64	q0.2_fg0.3_BT0.2_allrx10_sunruns/hires_kin_early_cen1/broadband_150.fits	1	1.47	3	1	0	0	0.5010860115869934	-1.895006279987318	2.9642652887778445	0.040544859449128584	0.0058855024366945025	1.4063	0.15604975279405964
65	q0.2_fg0.3_BT0.2_allrx10_sunruns/hires_kin_early_cen1/broadband_180.fits	1	1.76	3	1	0	0	0.4961093589252503	-1.8841894330471456	2.9043649910825433	0.02301926990546349	0.0024602657869798794	1.4519	0.1231789517312556
66	q0.2_fg0.3_BT0.2_allrx10_sunruns/hires_kin_early_cen1/broadband_210.fits	1	2.05	3	1	0	0	0.5154385762344118	-1.909793412327457	3.0258748362836023	0.008409458798964965	0.006795854897775935	1.5075	0.10768318487536913
67	q0.2_fg0.3_BT0.2_allrx10_sunruns/hires_kin_early_cen1/broadband_240.fits	1	2.35	3	1	0	0	0.4662480590951619	-1.9176160819899002	2.9509217127231375	-0.010589598111853275	-0.0009812817474873742	1.4487	0.10402663663085454
68	q0.2_fg0.3_BT0.2_allrx10_sunruns/hires_kin_early_cen1/broadband_270.fits	1	2.64	3	2	1.3903707914717514	0.29952977481646625	0.49797635221027675	-1.4684677105152903	2.373474165085417	0.4788992830719102	0.010413697827791581	0.3351	0.5089733926596213
69	q0.2_fg0.3_BT0.2_allrx10_sunruns/hires_kin_early_cen1/broadband_300.fits	1	2.93	3	1	0	0	0.5859710665704944	-1.9361724861860192	3.2616143656717975	0.1127237758983884	0.0038594104624243984	1.5549	0.5104393145530075
70	q0.2_fg0.3_BT0.2_allrx10_sunruns/hires_kin/broadband_320.fits	1	3.13	3	2	5.121775626376516	13.131671199292803	0.5634974124572296	-1.30551479279569	3.2421135755755066	0.14923052803168638	0.008975024416328295	1.6369	0.44551367946398895
71	q0.2_fg0.3_BT0.2_allrx10_sunruns/hires_kin/broadband_340.fits	1	3.32	3	1	0	0	0.5524895089213412	-1.386221687445518	3.151242028694444	0.13530078371844584	0.01180968842881262	1.9319	0.4953317150713165
72	q0.2_fg0.3_BT0.2_allrx10_sunruns/hires_kin/broadband_360.fits	1	3.52	3	1	0	0	0.5814916215329607	-2.0205705354947945	3.3902569926995456	0.04447921427637601	0.00491877528885596	1.7254	0.3495193326577477
73	q0.2_fg0.3_BT0.2_allrx10_sunruns/hires_kin/broadband_380.fits	1	3.72	3	1	0	0	0.5677114313921561	-1.9343761465626423	3.270798166258924	0.02706323354615077	-0.005909972963483082	1.8809	0.33663813711698026
74	q0.2_fg0.3_BT0.2_allrx10_sunruns/hires_kin/broadband_400.fits	1	3.91	3	1	0	0	0.5772991996919087	-2.05293098706253	3.362986609835283	0.016674331185440677	-0.0019584117472807015	1.9141	0.39622694849233475
75	q0.2_fg0.3_BT0.2_allrx10_sunruns/hires_kin/broadband_420.fits	1	4.11	3	1	0	0	0.5680796797759655	-2.0113759413916545	3.3193898429311415	-0.025065712775252547	-0.056691428854473584	1.7772	0.3845988222571222
76	q0.2_fg0.3_BT0.2_allrx10_sunruns/hires_kin/broadband_440.fits	1	4.29	3	1	0	0	0.5883606239936325	-2.0772354788600054	3.3193735864031066	-0.032474510115057746	-0.013317880766236356	1.8713	0.23281367051023316
77	q0.2_fg0.3_BT0.2_allrx10_sunruns/hires_kin/broadband_460.fits	1	4.49	3	1	0	0	0.5656651890386333	-1.9878738068124093	3.158183481802747	-0.057236954646203986	-0.01776541818447568	1.7746	0.27646170344339255
78	q0.2_fg0.3_BT0.2_allrx10_sunruns/hires_kin/broadband_480.fits	1	4.68	3	1	0	0	0.5561168222395756	-1.9956441580691915	3.338066328946096	-0.03569953096779356	-0.016164681664464522	1.7463	0.16290587414376637
79	q0.2_fg0.3_BT0.2_allrx10_sunruns/hires_kin/broadband_500.fits	1	4.88	3	1	0	0	0.5692683408824531	-2.008705335310766	3.2166474548226205	-0.06163249401901246	-0.06791175419427779	1.7531	0.2650108343226406
80	q0.2_fg0.3_BT0.2_allrx10_sunruns/hires_kin_early_cen1/broadband_005.fits	1	0.05	4	1	0	0	0.5266996299315577	-1.9180042823621635	3.019413830369682	-0.048151601837915364	-0.01686800914403073	1.4341	0.06961947404464794
81	q0.2_fg0.3_BT0.2_allrx10_sunruns/hires_kin_early_cen1/broadband_060.fits	1	0.59	4	1	0	0	0.567192575225471	-1.691497708174732	2.704532143520424	0.08442639004013787	0.058226589052633164	0.9198	0.38360674647112847
82	q0.2_fg0.3_BT0.2_allrx10_sunruns/hires_kin_early_cen1/broadband_090.fits	1	0.88	4	1	0	0	0.5100370064472077	-1.8890093823374536	2.8640403844315534	0.02537152227621849	0.029887426518408897	1.4163	0.22805179124746955
83	q0.2_fg0.3_BT0.2_allrx10_sunruns/hires_kin_early_cen1/broadband_120.fits	1	1.17	4	1	0	0	0.5503352661117723	-1.9352929299029138	3.0981356150869166	0.020268808108428592	0.010915113872322883	1.5092	0.19371107179316577
84	q0.2_fg0.3_BT0.2_allrx10_sunruns/hires_kin_early_cen1/broadband_150.fits	1	1.47	4	1	0	0	0.5269618924110767	-1.9494385468454538	3.04298970771028	0.040717615042965824	0.006927829953668636	1.5636	0.09188818028498595
85	q0.2_fg0.3_BT0.2_allrx10_sunruns/hires_kin_early_cen1/broadband_180.fits	1	1.76	4	1	0	0	0.5161372707738028	-1.9407382610877448	3.1486125211328546	0.021731030872929828	0.004632708309640084	1.6612	0.13682591005181938
86	q0.2_fg0.3_BT0.2_allrx10_sunruns/hires_kin_early_cen1/broadband_210.fits	1	2.05	4	1	0	0	0.5454608659997002	-1.9887793058073158	3.1661497562079086	-0.033866264650049376	-0.0013302718542305008	1.709	0.13396233007456887
87	q0.2_fg0.3_BT0.2_allrx10_sunruns/hires_kin_early_cen1/broadband_240.fits	1	2.35	4	1	0	0	0.48438788112656145	-1.9691389118076452	3.0753657803980077	-0.01477849998765497	-0.0027439855625992077	1.7418	0.06571328711698456
88	q0.2_fg0.3_BT0.2_allrx10_sunruns/hires_kin_early_cen1/broadband_270.fits	1	2.64	4	2	13.090806794942036	20.419260043440726	0.467450686185787	-1.2168536655003184	1.97267232940166	0.6202234567661127	-0.0033689870889369836	2.9931	0.20555862103792105
89	q0.2_fg0.3_BT0.2_allrx10_sunruns/hires_kin_early_cen1/broadband_300.fits	1	2.93	4	1	0	0	0.601994525443762	-2.0080819304074677	3.2090640193704036	0.06429029851370159	-0.09545755378448662	1.8292	0.42515408642966146
90	q0.2_fg0.3_BT0.2_allrx10_sunruns/hires_kin/broadband_320.fits	1	3.13	4	2	7.735466837883814	16.30196663732009	0.5803455718061926	-1.1441829702508592	3.547039928297947	0.117782680464002	-0.0003626830626244378	1.8545	0.47379741037419915
91	q0.2_fg0.3_BT0.2_allrx10_sunruns/hires_kin/broadband_340.fits	1	3.32	4	1	0	0	0.5860768589759028	-1.3123753648913068	3.3335090008248147	0.10090349070958902	-0.06004970354886405	2.4464	0.6110712048088301
92	q0.2_fg0.3_BT0.2_allrx10_sunruns/hires_kin/broadband_360.fits	1	3.52	4	1	0	0	0.5869117458428067	-2.0347344586139617	3.310384626888779	0.06507649876912133	-0.10802720407167841	2.1862	0.40261631684917615
93	q0.2_fg0.3_BT0.2_allrx10_sunruns/hires_kin/broadband_380.fits	1	3.72	4	1	0	0	0.5811246578367542	-2.0336158576004504	3.324676273803138	0.029313005825728128	-0.09513514516124319	2.2521	0.3761104456544095
94	q0.2_fg0.3_BT0.2_allrx10_sunruns/hires_kin/broadband_400.fits	1	3.91	4	1	0	0	0.5956718875663404	-2.088823932830962	3.3662217570407353	-0.06486223101839311	-0.0818348949870833	2.1767	0.36056476442487395
95	q0.2_fg0.3_BT0.2_allrx10_sunruns/hires_kin/broadband_420.fits	1	4.11	4	1	0	0	0.5785509156781746	-2.030001172039184	3.189417072351102	-0.04528366757602951	-0.10726285414199205	1.9812	0.09441070263884736
96	q0.2_fg0.3_BT0.2_allrx10_sunruns/hires_kin/broadband_440.fits	1	4.29	4	1	0	0	0.524781736892201	-1.9991728476072947	3.2994703288026384	-0.05108275731798	-0.10554159926577672	2.2496	0.11721262608554502
97	q0.2_fg0.3_BT0.2_allrx10_sunruns/hires_kin/broadband_460.fits	1	4.49	4	1	0	0	0.5884444064548201	-2.070263096004911	3.220290253783567	-0.01360952386133761	-0.1513720488606368	2.0686	0.33914857704970397
98	q0.2_fg0.3_BT0.2_allrx10_sunruns/hires_kin/broadband_480.fits	1	4.68	4	1	0	0	0.5857912303368334	-2.062402371594272	3.194491501534597	-0.03864558543161744	-0.1504109139209834	2.0472	0.3354871341627411
99	q0.2_fg0.3_BT0.2_allrx10_sunruns/hires_kin/broadband_500.fits	1	4.88	4	1	0	0	0.5595336049655886	-2.017063713999184	3.2322387074146097	-0.05660539816952279	-0.15720981928202657	2.0633	0.1669393734626227
100	q0.2_fg0.3_BT0.2_allrx10_sunruns/hires_kin_early_cen1/broadband_005.fits	1	0.05	5	1	0	0	0.5106128263716152	-1.8812718069163101	2.983071392028271	-0.06883542172485962	-0.005449845582129818	1.3022	0.05785667591661682
101	q0.2_fg0.3_BT0.2_allrx10_sunruns/hires_kin_early_cen1/broadband_060.fits	1	0.59	5	1	0	0	0.5843269745982931	-1.5502467798298747	2.3465631904048063	0.0943417026725707	0.03200201982831691	0.7907	0.36509149404716223
102	q0.2_fg0.3_BT0.2_allrx10_sunruns/hires_kin_early_cen1/broadband_090.fits	1	0.88	5	1	0	0	0.5452080650996737	-1.8302134946374662	2.6571556043982008	0.0275017209913115	0.015750302551436095	1.1123	0.2481523168500292
103	q0.2_fg0.3_BT0.2_allrx10_sunruns/hires_kin_early_cen1/broadband_120.fits	1	1.17	5	1	0	0	0.5039821742975399	-1.8427224769040191	2.9176290183754046	0.0452639810956012	0.00942134035762945	1.1472	0.11507870777385898
104	q0.2_fg0.3_BT0.2_allrx10_sunruns/hires_kin_early_cen1/broadband_150.fits	1	1.47	5	1	0	0	0.48723612538270433	-1.8713904397322492	3.029428326664716	0.020839449528134806	0.0077930706811152805	1.2276	0.17637419172345198
105	q0.2_fg0.3_BT0.2_allrx10_sunruns/hires_kin_early_cen1/broadband_180.fits	1	1.76	5	1	0	0	0.5117801003378101	-1.858260096999358	3.081033501941799	0.0023933845234553924	0.0007032305968059404	1.2641	0.10519532956184302
106	q0.2_fg0.3_BT0.2_allrx10_sunruns/hires_kin_early_cen1/broadband_210.fits	1	2.05	5	1	0	0	0.5092211783988987	-1.8923565107799296	3.1358970705373457	-0.005218354293314238	0.00528098532631125	1.3201	0.13423313731670095
107	q0.2_fg0.3_BT0.2_allrx10_sunruns/hires_kin_early_cen1/broadband_240.fits	1	2.35	5	1	0	0	0.4576911206976882	-1.8712095002814222	3.068066410087895	-0.023412498561553422	-0.007384849188766306	1.2251	0.07267005711875105
108	q0.2_fg0.3_BT0.2_allrx10_sunruns/hires_kin_early_cen1/broadband_270.fits	1	2.64	5	2	10.485758525204043	4.808836374299148	0.49245319988352293	-1.408211425906639	2.9510163870679613	0.2237108674516363	0.009665417439679332	1.0092	0.5387133039680331
109	q0.2_fg0.3_BT0.2_allrx10_sunruns/hires_kin_early_cen1/broadband_300.fits	1	2.93	5	1	0	0	0.5672990801624894	-1.780520488650829	3.2671073371400476	0.07266349310516128	0.008249556287994005	1.3477	0.1829560312539557
110	q0.2_fg0.3_BT0.2_allrx10_sunruns/hires_kin/broadband_320.fits	1	3.13	5	2	5.833691097148063	6.894138437590799	0.5539260952732316	-0.8826013118573716	3.422293698234686	0.18635937012751252	0.023107170476269825	1.3001	0.4596726199279155
111	q0.2_fg0.3_BT0.2_allrx10_sunruns/hires_kin/broadband_340.fits	1	3.32	5	2	3.456559110187798	9.947638625974344	0.568408356257658	-1.5538212969001914	3.2812496393434354	0.11535339367655874	0.01148759065514021	1.4758	0.23264662415199078
112	q0.2_fg0.3_BT0.2_allrx10_sunruns/hires_kin/broadband_360.fits	1	3.52	5	1	0	0	0.5625251624519981	-1.8855513449435461	3.1349068546724146	0.012095075194692063	0.0018054604578221923	1.4569	0.33032837454509967
113	q0.2_fg0.3_BT0.2_allrx10_sunruns/hires_kin/broadband_380.fits	1	3.72	5	1	0	0	0.5330425457604316	-1.90929190656959	3.479354099209057	-0.053921912626782253	-0.016802321117640844	1.5687	0.23577253511113305
114	q0.2_fg0.3_BT0.2_allrx10_sunruns/hires_kin/broadband_400.fits	1	3.91	5	1	0	0	0.5532579816465687	-1.8932818789987889	3.2489463108844623	-0.031445494877536846	-0.006250416091463317	1.4682	0.11401081923665561
115	q0.2_fg0.3_BT0.2_allrx10_sunruns/hires_kin/broadband_420.fits	1	4.11	5	1	0	0	0.5680036492987055	-1.9202363368142763	3.3041878824555533	-0.05683404466879154	-0.005113518634591592	1.4497	0.2525912960095825
116	q0.2_fg0.3_BT0.2_allrx10_sunruns/hires_kin/broadband_440.fits	1	4.29	5	1	0	0	0.5613265884873719	-1.9387362226665856	3.1752601496867907	-0.03533725043527464	-0.006360557006295915	1.4985	0.06540171225835135
117	q0.2_fg0.3_BT0.2_allrx10_sunruns/hires_kin/broadband_460.fits	1	4.49	5	1	0	0	0.5551945349226491	-1.9171302259886165	3.375028083412527	-0.022693008818624422	-0.003943788461314197	1.4664	0.18685742228441402
118	q0.2_fg0.3_BT0.2_allrx10_sunruns/hires_kin/broadband_480.fits	1	4.68	5	1	0	0	0.547412742349315	-1.906991702109898	3.2434704376310233	-0.03155530377607342	-0.001797483533378524	1.4729	0.08947204445377617
119	q0.2_fg0.3_BT0.2_allrx10_sunruns/hires_kin/broadband_500.fits	1	4.88	5	1	0	0	0.5603697130675057	-1.9229050091050925	3.4410161286795655	-0.09106504550611227	-0.005912319431358324	1.4583	0.11628195692165867
120	q0.2_fg0.3_BT0.2_allrx10_sunruns/hires_kin_early_cen1/broadband_005.fits	1	0.05	6	1	0	0	0.585747716794491	-1.708003005017353	3.385303910103574	-0.01645388653220343	0.0419164998790841	0.6799	0.08403409114666963
121	q0.2_fg0.3_BT0.2_allrx10_sunruns/hires_kin_early_cen1/broadband_060.fits	1	0.59	6	1	0	0	0.4524845706362624	-1.1306521233615197	2.6318135768961417	0.1607432948289321	0.061862540792786476	0.476	0.5505289875179922
122	q0.2_fg0.3_BT0.2_allrx10_sunruns/hires_kin_early_cen1/broadband_090.fits	1	0.88	6	1	0	0	0.6365222028032408	-1.6829974230283014	3.0738866455091567	0.015383521026740366	0.03474156077035275	0.8427	0.2542031992318315
123	q0.2_fg0.3_BT0.2_allrx10_sunruns/hires_kin_early_cen1/broadband_120.fits	1	1.17	6	1	0	0	0.5488904574783163	-1.7041962310462264	3.299616148621076	0.004061481151095864	0.03525999411049441	0.8106	0.13848530590821134
124	q0.2_fg0.3_BT0.2_allrx10_sunruns/hires_kin_early_cen1/broadband_150.fits	1	1.47	6	1	0	0	0.5074630841323448	-1.6926337066640191	3.230076447563859	-0.02264246158670522	0.02067718912004041	0.8244	0.2849663627427724
125	q0.2_fg0.3_BT0.2_allrx10_sunruns/hires_kin_early_cen1/broadband_180.fits	1	1.76	6	1	0	0	0.566900733944213	-1.7352400457632708	3.193234962943181	-0.02073704521068039	0.026349310430621983	0.8309	0.09973396596504273
126	q0.2_fg0.3_BT0.2_allrx10_sunruns/hires_kin_early_cen1/broadband_210.fits	1	2.05	6	1	0	0	0.5571602616089745	-1.7315774134562305	3.2681516143198768	-0.03966696717611185	0.01438545376168031	0.861	0.10195269810247369
127	q0.2_fg0.3_BT0.2_allrx10_sunruns/hires_kin_early_cen1/broadband_240.fits	1	2.35	6	1	0	0	0.5276137993453541	-1.7418458811792048	3.188266639691137	-0.031188251674369897	0.015615860992127554	0.7962	0.17099022793196275
128	q0.2_fg0.3_BT0.2_allrx10_sunruns/hires_kin_early_cen1/broadband_270.fits	1	2.64	6	2	8.764615293832879	1.0479003851985529	0.6051515081194245	-0.7940350768706118	3.880284088944708	0.3107580219957573	-0.1464289722852508	0.8731	0.9441946206733512
129	q0.2_fg0.3_BT0.2_allrx10_sunruns/hires_kin_early_cen1/broadband_300.fits	1	2.93	6	2	19.797941038429034	6.286370884130501	0.5596566641067008	-1.603254511903592	3.453582481618982	0.00022512285428130186	0.017947468753295684	1.1366	0.2905290182532572
130	q0.2_fg0.3_BT0.2_allrx10_sunruns/hires_kin/broadband_320.fits	1	3.13	6	2	5.272929580518898	10.353328644764918	0.5804809912313694	-0.976149233907046	3.2943044421663137	0.08303763796441493	0.04238515443485386	1.2085	0.2184680397417273
131	q0.2_fg0.3_BT0.2_allrx10_sunruns/hires_kin/broadband_340.fits	1	3.32	6	1	0	0	0.6017968175424854	-1.6262925964083568	3.2533648358403937	0.05545475931607	0.02202836753229303	1.1748	0.2488044860107405
132	q0.2_fg0.3_BT0.2_allrx10_sunruns/hires_kin/broadband_360.fits	1	3.52	6	1	0	0	0.5647718971579843	-1.8232305173851266	3.578488693974152	-0.04666823180721299	0.013254338819560915	1.2927	0.18898092877572156
133	q0.2_fg0.3_BT0.2_allrx10_sunruns/hires_kin/broadband_380.fits	1	3.72	6	1	0	0	0.5681897594632811	-1.8483435049010328	3.523128865608699	-0.05503549216553157	0.007490954356684775	1.2994	0.16729072495534303
134	q0.2_fg0.3_BT0.2_allrx10_sunruns/hires_kin/broadband_400.fits	1	3.91	6	1	0	0	0.5470915563115613	-1.8057978274569584	3.572907976814723	0.001317994701120736	0.013859097287162725	1.4186	0.14947158709814726
135	q0.2_fg0.3_BT0.2_allrx10_sunruns/hires_kin/broadband_420.fits	1	4.11	6	1	0	0	0.5579797160212199	-1.8704140180182736	3.541244869631482	-0.020928313607926737	0.012071587043000145	1.3689	0.08719711533764268
136	q0.2_fg0.3_BT0.2_allrx10_sunruns/hires_kin/broadband_440.fits	1	4.29	6	1	0	0	0.5841735380229868	-1.9037866801263177	3.60215738915198	-0.05680784619163238	0.004815511434277222	1.3562	0.10321195470416852
137	q0.2_fg0.3_BT0.2_allrx10_sunruns/hires_kin/broadband_460.fits	1	4.49	6	1	0	0	0.5712307264529082	-1.8637680893471151	3.3834517871817797	-0.013327680719084568	0.001913647320394876	1.3335	0.1252695188153253
138	q0.2_fg0.3_BT0.2_allrx10_sunruns/hires_kin/broadband_480.fits	1	4.68	6	1	0	0	0.5714324903842296	-1.879711521124888	3.479490283609499	-0.032642053885570475	0.0046132364926691	1.3849	0.1186812877252212
139	q0.2_fg0.3_BT0.2_allrx10_sunruns/hires_kin/broadband_500.fits	1	4.88	6	1	0	0	0.5756513971130726	-1.8996453087484892	3.4372341426849564	-0.06711652768496133	0.005292869689807491	1.3204	0.12230774443047195
28	isolated_galaxies/m1_fg0.3_BT0.2/rot_45/broadband_005.fits	0	0.05	0	1	0	0	0.5064046828688937	-1.879983285537966	2.960572142912525	-0.017363431768810632	-0.005034206817632949	1.3472	0.06491051194270854
29	isolated_galaxies/m1_fg0.3_BT0.2/rot_45/broadband_030.fits	0	0.29	0	1	0	0	0.5391200009381129	-1.8720131500222903	2.8896747928216575	-0.001939496251206961	0.0014272816488336802	1.24	0.09956464051017877
30	isolated_galaxies/m1_fg0.3_BT0.2/rot_45/broadband_060.fits	0	0.59	0	1	0	0	0.5379697631086656	-1.886575117274699	2.8730576333459816	-0.009569924360567241	0.00033581892490861133	1.246	0.07921092216318876
31	isolated_galaxies/m1_fg0.3_BT0.2/rot_45/broadband_090.fits	0	0.88	0	1	0	0	0.545977428336514	-1.8530694337072333	2.8429773581119697	0.0078060947175591575	0.0033926497869501407	1.2051	0.11388759974674069
32	isolated_galaxies/m1_fg0.3_BT0.2/rot_45/broadband_100.fits	0	0.98	0	1	0	0	0.4931557592076367	-1.7938357432798802	2.785164188150672	0.03686454668990496	0.014776516723770103	1.1282	0.1191478376471286
33	isolated_galaxies/m1_fg0.3_BT0.2/rot_45/broadband_120.fits	0	1.17	0	1	0	0	0.4781236868202752	-1.7931991964634648	2.779656581923527	-0.011842280148154093	0.0037349658080346316	1.137	0.09359310553366215
34	isolated_galaxies/m1_fg0.3_BT0.2/rot_45/broadband_150.fits	0	1.47	0	1	0	0	0.5024132169523249	-1.8266192869530886	2.7828553575713864	0.01599102054975149	0.013381269316859488	1.1191	0.13335144428464507
35	isolated_galaxies/m1_fg0.3_BT0.2/rot_45/broadband_180.fits	0	1.76	0	1	0	0	0.5023113895592981	-1.8481922128431332	2.8137238640309947	-0.016130394393452423	0.008486692260884889	1.1827	0.09913145269003297
36	isolated_galaxies/m1_fg0.3_BT0.2/rot_45/broadband_200.fits	0	1.96	0	1	0	0	0.5055624522176746	-1.8362419447419116	2.774069235447909	0.0025765007087370723	0.009959479075836516	1.1323	0.09044701954757321
66	isolated_galaxies/m1_fg0.3_BT0.2/rot_45/broadband_005.fits	0	0.05	1	1	0	0	0.5008792044076166	-1.8295181142400008	2.9468704271767745	-0.029257724197241288	0.002021253825492358	1.1804	0.08163238858251404
67	isolated_galaxies/m1_fg0.3_BT0.2/rot_45/broadband_030.fits	0	0.29	1	1	0	0	0.5184940287694296	-1.8078730940662768	2.8727985768688082	-0.008468396826877235	-0.000491054750323454	1.0857	0.04637642663899656
68	isolated_galaxies/m1_fg0.3_BT0.2/rot_45/broadband_060.fits	0	0.59	1	1	0	0	0.5127848843827492	-1.8387188020659861	2.868170373808811	-0.011958081355965435	-0.0024388823082133063	1.0833	0.07796935475709879
69	isolated_galaxies/m1_fg0.3_BT0.2/rot_45/broadband_090.fits	0	0.88	1	1	0	0	0.5242909790227702	-1.8004563839806331	2.8593144712741365	0.007787188627585869	0.0045542309605698245	1.0652	0.09919530434221967
70	isolated_galaxies/m1_fg0.3_BT0.2/rot_45/broadband_100.fits	0	0.98	1	1	0	0	0.4772880889430671	-1.735552728678596	2.751936994477454	0.017528131185771328	0.009238029847868702	1.009	0.11451047143364401
71	isolated_galaxies/m1_fg0.3_BT0.2/rot_45/broadband_120.fits	0	1.17	1	1	0	0	0.4935647283979545	-1.7714505585944678	2.8379774675065854	-0.001899288395140697	0.004388322080902897	1.0315	0.06473201451178337
72	isolated_galaxies/m1_fg0.3_BT0.2/rot_45/broadband_150.fits	0	1.47	1	1	0	0	0.4960559511049964	-1.8025774728944646	2.8004063410471565	0.012302728738990007	0.008646172767645276	1.0192	0.08480242570658973
73	isolated_galaxies/m1_fg0.3_BT0.2/rot_45/broadband_180.fits	0	1.76	1	1	0	0	0.49198750651953366	-1.8395491144167209	2.837937157029063	0.003522248340137328	0.0006450420813702352	1.0542	0.0635300272420991
74	isolated_galaxies/m1_fg0.3_BT0.2/rot_45/broadband_200.fits	0	1.96	1	1	0	0	0.4890372200985559	-1.7818675048428254	2.813707299156057	-0.009997480730977209	0.006024316974760025	1.0291	0.08943265410917589
104	isolated_galaxies/m1_fg0.3_BT0.2/rot_45/broadband_005.fits	0	0.05	2	1	0	0	0.5018040720959923	-1.8439707095399458	2.9146613667940113	-0.048692383843415295	-0.0007691439904641369	1.1821	0.0539931512794636
105	isolated_galaxies/m1_fg0.3_BT0.2/rot_45/broadband_030.fits	0	0.29	2	1	0	0	0.5140831249326371	-1.8401392459022698	2.892644497730073	-0.042206390748240785	-0.00033679471060572857	1.0754	0.07867408272942104
106	isolated_galaxies/m1_fg0.3_BT0.2/rot_45/broadband_060.fits	0	0.59	2	1	0	0	0.5131902231391119	-1.8126531467340687	2.837257887360823	-0.005759487545533982	-0.0009115026994125423	1.0551	0.06654017566513175
107	isolated_galaxies/m1_fg0.3_BT0.2/rot_45/broadband_090.fits	0	0.88	2	1	0	0	0.5160885728313872	-1.8565748241512499	2.8397720866274763	0.0020272804020489378	0.0007668740448438977	1.0752	0.05604225633963345
108	isolated_galaxies/m1_fg0.3_BT0.2/rot_45/broadband_100.fits	0	0.98	2	1	0	0	0.47248891785081176	-1.794963463159261	2.8224595255283766	0.013917842860552438	0.006634819721214431	1.0319	0.11023358545447819
109	isolated_galaxies/m1_fg0.3_BT0.2/rot_45/broadband_120.fits	0	1.17	2	1	0	0	0.5054096976989938	-1.803146020987689	2.8230110438570355	-0.011366974939791274	0.0076331530597048	1.0184	0.08407959778531844
110	isolated_galaxies/m1_fg0.3_BT0.2/rot_45/broadband_150.fits	0	1.47	2	1	0	0	0.4950966603100661	-1.8206629571512813	2.8217311888266394	0.013240555849128723	0.00516550602960493	1.016	0.05610861369545468
111	isolated_galaxies/m1_fg0.3_BT0.2/rot_45/broadband_180.fits	0	1.76	2	1	0	0	0.4856385743655023	-1.783708648470619	2.8227305098050532	-0.021588383261649947	0.006267752822608148	1.0225	0.0690922105030168
112	isolated_galaxies/m1_fg0.3_BT0.2/rot_45/broadband_200.fits	0	1.96	2	1	0	0	0.4855748227705558	-1.8024063620569881	2.815917835870998	-0.016712312444389216	0.005578164602991535	1.0084	0.07554666282517929
142	isolated_galaxies/m1_fg0.3_BT0.2/rot_45/broadband_005.fits	0	0.05	3	1	0	0	0.4998895962929976	-1.8550850895477708	2.9585749956126657	-0.04711535894518522	0.0004499691147671925	1.1852	0.07194867013139104
143	isolated_galaxies/m1_fg0.3_BT0.2/rot_45/broadband_030.fits	0	0.29	3	1	0	0	0.508579550192767	-1.8252280952522226	2.857584256632817	-0.009969110044505432	-0.0013599363792812227	1.0604	0.06317480084968817
144	isolated_galaxies/m1_fg0.3_BT0.2/rot_45/broadband_060.fits	0	0.59	3	1	0	0	0.5157740415543521	-1.8572015099325947	2.850362541493358	-0.0025644684760890244	0.002943627042897639	1.0869	0.05513898571507729
145	isolated_galaxies/m1_fg0.3_BT0.2/rot_45/broadband_090.fits	0	0.88	3	1	0	0	0.5143143014478311	-1.865830882928022	2.9171967332522675	0.026664277981354442	0.0020304838466847146	1.0981	0.09003145109028315
146	isolated_galaxies/m1_fg0.3_BT0.2/rot_45/broadband_100.fits	0	0.98	3	1	0	0	0.47520387439640654	-1.8304529856298142	2.89430441109994	-0.016868386937191115	-0.004545214259705553	1.0175	0.08657365247627423
147	isolated_galaxies/m1_fg0.3_BT0.2/rot_45/broadband_120.fits	0	1.17	3	1	0	0	0.5044990398563507	-1.8370262565094604	2.8431415505242703	0.004872062786380189	0.0032478739487582843	1.0028	0.05917109570816602
148	isolated_galaxies/m1_fg0.3_BT0.2/rot_45/broadband_150.fits	0	1.47	3	1	0	0	0.5056469606396036	-1.8338564765779084	2.829706273718216	-0.019356257982895617	0.000601632741977121	1.0081	0.07045373871517245
149	isolated_galaxies/m1_fg0.3_BT0.2/rot_45/broadband_180.fits	0	1.76	3	1	0	0	0.4893653447432533	-1.7998916356107024	2.7874778022884383	-0.010581486390621684	0.003074644984714109	1.0163	0.08660405852026215
150	isolated_galaxies/m1_fg0.3_BT0.2/rot_45/broadband_200.fits	0	1.96	3	1	0	0	0.4940847311780552	-1.7748022676120754	2.8000315303822094	-0.016584677916396524	0.00046083356444554034	0.9979	0.09941137995530089
172	isolated_galaxies/m1_fg0.3_BT0.2/rot_45/broadband_005.fits	0	0.05	4	1	0	0	0.520369357653595	-1.9145714113734	2.987946467265297	-0.05539423452463742	-0.028607482277615594	1.5025	0.056505011274210384
173	isolated_galaxies/m1_fg0.3_BT0.2/rot_45/broadband_030.fits	0	0.29	4	1	0	0	0.5355799803081581	-1.8944195699707018	2.9302486620039483	-0.03166390376795817	-0.012993957920103636	1.4301	0.06169025906296131
174	isolated_galaxies/m1_fg0.3_BT0.2/rot_45/broadband_060.fits	0	0.59	4	1	0	0	0.5102865667340949	-1.8895746541482241	2.8919722571921076	-0.012760026913555947	0.00261674860242168	1.3768	0.08489396741828707
175	isolated_galaxies/m1_fg0.3_BT0.2/rot_45/broadband_090.fits	0	0.88	4	1	0	0	0.5011869405271144	-1.8751042818848391	2.883384190654883	-0.002077726087260812	0.004721953182839354	1.3541	0.11274650952200771
176	isolated_galaxies/m1_fg0.3_BT0.2/rot_45/broadband_100.fits	0	0.98	4	1	0	0	0.5146337650273637	-1.8557094825871405	2.8410283227866557	0.000565411888477196	0.0053483355840061	1.2494	0.12650211589801855
177	isolated_galaxies/m1_fg0.3_BT0.2/rot_45/broadband_120.fits	0	1.17	4	1	0	0	0.49697761537771984	-1.845703654789509	2.822957093479524	0.0015464780114135927	0.0054451845740547825	1.283	0.08144496164241768
178	isolated_galaxies/m1_fg0.3_BT0.2/rot_45/broadband_150.fits	0	1.47	4	1	0	0	0.5148490187098557	-1.8545283948108269	2.800452940994616	-0.005374364405743191	-0.007343448414118431	1.2332	0.0868524116662576
179	isolated_galaxies/m1_fg0.3_BT0.2/rot_45/broadband_180.fits	0	1.76	4	1	0	0	0.5184325861008364	-1.8440118650253605	2.8062381604664575	-0.034418691896724724	-0.014008613788744633	1.2828	0.10537478058816373
180	isolated_galaxies/m1_fg0.3_BT0.2/rot_45/broadband_200.fits	0	1.96	4	1	0	0	0.5285984665756981	-1.848796350772732	2.779811634912694	-0.05657426438980931	-0.047926167251097565	1.3049	0.08770143403017097
200	isolated_galaxies/m1_fg0.3_BT0.2/rot_45/broadband_005.fits	0	0.05	5	1	0	0	0.52547280946945	-1.9150183090643504	3.0028320974654017	-0.0621502717517492	-0.031958684979063116	1.5023	0.06326626119485622
201	isolated_galaxies/m1_fg0.3_BT0.2/rot_45/broadband_030.fits	0	0.29	5	1	0	0	0.5437346803783919	-1.9058618055446044	2.936961763093966	-0.018375647771328423	-0.0031931682562729114	1.3937	0.1342817131652173
202	isolated_galaxies/m1_fg0.3_BT0.2/rot_45/broadband_060.fits	0	0.59	5	1	0	0	0.4876704715417119	-1.8802800837068996	2.8797099328328972	-0.017368793824967296	-0.0005605830985557668	1.3818	0.10679305476149487
203	isolated_galaxies/m1_fg0.3_BT0.2/rot_45/broadband_090.fits	0	0.88	5	1	0	0	0.490924131647796	-1.8743110410844372	2.88080014890802	-0.014468874430188213	-0.0013969847543218515	1.355	0.13192407444555418
204	isolated_galaxies/m1_fg0.3_BT0.2/rot_45/broadband_100.fits	0	0.98	5	1	0	0	0.5142403186734616	-1.856363630065803	2.8606516410165037	-0.009762332677138517	0.010906158291232336	1.2558	0.11092625456273551
205	isolated_galaxies/m1_fg0.3_BT0.2/rot_45/broadband_120.fits	0	1.17	5	1	0	0	0.5087428912276039	-1.8524762940647932	2.8310691466965725	-0.017663867239720816	-0.0007325802045332416	1.2835	0.09526457963912781
206	isolated_galaxies/m1_fg0.3_BT0.2/rot_45/broadband_150.fits	0	1.47	5	1	0	0	0.5282886848656789	-1.868343809332896	2.8202588361435748	0.0029524993478971403	-0.0026236342162879746	1.2445	0.11907354653246958
207	isolated_galaxies/m1_fg0.3_BT0.2/rot_45/broadband_180.fits	0	1.76	5	1	0	0	0.5140699381658173	-1.8534187885616653	2.832470830164748	-0.016166217474062265	0.0038307007572758477	1.3186	0.09437241906270924
208	isolated_galaxies/m1_fg0.3_BT0.2/rot_45/broadband_200.fits	0	1.96	5	1	0	0	0.5303077056863443	-1.8510232381606246	2.777714864948223	-0.037224145430384326	-0.04531295429736336	1.3058	0.13199497192404205
231	isolated_galaxies/m1_fg0.3_BT0.2/rot_45/broadband_005.fits	0	0.05	6	1	0	0	0.5268803932946935	-1.9188182045908453	2.995944761304746	-0.061208886538113474	-0.03767229414176401	1.5195	0.09970888150348244
232	isolated_galaxies/m1_fg0.3_BT0.2/rot_45/broadband_030.fits	0	0.29	6	1	0	0	0.5419015809938925	-1.9001397568283838	2.9213137720163944	-0.03604411653021151	-0.012963598789895208	1.3995	0.10804671224869766
233	isolated_galaxies/m1_fg0.3_BT0.2/rot_45/broadband_060.fits	0	0.59	6	1	0	0	0.48230075091430835	-1.8729644270252832	2.867450207930645	-0.037548691741371105	0.0019627026212868572	1.3663	0.11201208606459921
234	isolated_galaxies/m1_fg0.3_BT0.2/rot_45/broadband_090.fits	0	0.88	6	1	0	0	0.48475405679219685	-1.8653035466996188	2.8794202290946336	0.008767784931536493	0.003596386476227863	1.3568	0.11467151871187818
235	isolated_galaxies/m1_fg0.3_BT0.2/rot_45/broadband_100.fits	0	0.98	6	1	0	0	0.5191631624293412	-1.8546203842590014	2.863014002408695	0.012923989498025428	0.010073845955579265	1.2508	0.11924779170804535
236	isolated_galaxies/m1_fg0.3_BT0.2/rot_45/broadband_120.fits	0	1.17	6	1	0	0	0.5006285361709577	-1.8490929260740667	2.831307334212637	-0.014774543655226437	0.0005023877293615656	1.282	0.07402446855942615
237	isolated_galaxies/m1_fg0.3_BT0.2/rot_45/broadband_150.fits	0	1.47	6	1	0	0	0.5249981753352756	-1.860231770947012	2.830948349063211	-0.00817977669847004	-0.004101665644896956	1.2375	0.1541691897794403
238	isolated_galaxies/m1_fg0.3_BT0.2/rot_45/broadband_180.fits	0	1.76	6	1	0	0	0.513045537378228	-1.8502217470602857	2.8003592811132014	-0.039670513820692845	-0.01728271371036405	1.2861	0.15007811969289991
239	isolated_galaxies/m1_fg0.3_BT0.2/rot_45/broadband_200.fits	0	1.96	6	1	0	0	0.5246005928713562	-1.8331204347420882	2.791979805365688	-0.029620590174076956	-0.018194946447160618	1.2892	0.12786235074651978