Counter	Image	Merger	Myr	Viewpoint	# Bulges	Sep	Flux Ratio	Gini	M20	C	A	S	Sersic n	A_s
0	isolated_galaxies/m1_fg0.1/rot_45/broadband_005.fits	0	0.05	0	1	0	0	0.5107774893007602	-1.7671103966972672	2.7614226898528322	-0.04367283922009153	0.00077340130808382	0.8811	0.06078804923237806
1	isolated_galaxies/m1_fg0.1/rot_45/broadband_010.fits	0	0.1	0	1	0	0	0.5099129089954726	-1.7719197160150453	2.7520806940843014	-0.03192647757368838	-0.006941622324057766	0.8849	0.0433547861459728
2	isolated_galaxies/m1_fg0.1/rot_45/broadband_020.fits	0	0.2	0	1	0	0	0.49672524017614916	-1.7777146344238315	2.702142864421098	-0.024700034297244135	0.0017127753842722327	0.9143	0.06593447400674637
3	isolated_galaxies/m1_fg0.1/rot_45/broadband_030.fits	0	0.29	0	1	0	0	0.517075002473897	-1.7684662602613002	2.7743045286584227	-0.06776170797099217	-0.00596541665095451	0.8831	0.09680903720536775
4	isolated_galaxies/m1_fg0.1/rot_45/broadband_040.fits	0	0.39	0	1	0	0	0.5144966490828222	-1.7713839412746346	2.7529390995887497	-0.050588087785999575	-0.006179525850660213	0.9155	0.10971221198112727
5	isolated_galaxies/m1_fg0.1/rot_45/broadband_050.fits	0	0.49	0	1	0	0	0.48100434906275363	-1.7448458054849614	2.7549321521133963	-0.020261391245763122	-0.0044161359558530355	0.9236	0.062158550166899265
6	isolated_galaxies/m1_fg0.1/rot_45/broadband_060.fits	0	0.59	0	1	0	0	0.5187811670461224	-1.7764122094323507	2.763805910605649	-0.019103762744466072	0.0005879572192690931	0.907	0.1258636521196131
7	isolated_galaxies/m1_fg0.1/rot_45/broadband_100.fits	0	0.98	0	1	0	0	0.5349491430066564	-1.7613473020738444	2.807003391302068	-0.03005676432627454	0.003643130473357638	1.0066	0.14880181053164984
8	isolated_galaxies/m1_fg0.1/rot_45/broadband_200.fits	0	1.96	0	1	0	0	0.5486576865799591	-1.9999800776460692	3.460008818881831	-0.007944640834038388	-0.004900426776621516	2.359	0.2378406485289983
9	isolated_galaxies/m1_fg0.1/rot_45/broadband_005.fits	0	0.05	1	1	0	0	0.4970099824069233	-1.7255789195535276	2.792591627717192	-0.014310627100660927	0.002226830273028334	0.8498	0.05975929666848175
10	isolated_galaxies/m1_fg0.1/rot_45/broadband_010.fits	0	0.1	1	1	0	0	0.5089849775483895	-1.7483034296892421	2.7866786550870977	-0.05057047973846359	-0.003318849373024931	0.8406	0.05675654155356894
11	isolated_galaxies/m1_fg0.1/rot_45/broadband_020.fits	0	0.2	1	1	0	0	0.4792080758282696	-1.734249262628524	2.7503668930132323	-0.03597393499674637	-0.004077559993681453	0.846	0.08774856681744654
12	isolated_galaxies/m1_fg0.1/rot_45/broadband_030.fits	0	0.29	1	1	0	0	0.5081453241129257	-1.7164090956867124	2.7923060761241576	-0.027255532903117042	-0.0012492277874891257	0.8499	0.06646085540724468
13	isolated_galaxies/m1_fg0.1/rot_45/broadband_040.fits	0	0.39	1	1	0	0	0.5340868656644355	-1.7803381100508604	2.7787055625955714	-0.04079790712092458	-0.002209342250478179	0.8719	0.08907524948919648
14	isolated_galaxies/m1_fg0.1/rot_45/broadband_050.fits	0	0.49	1	1	0	0	0.49453483757808125	-1.7296829957644928	2.8151219466981754	-0.02604447677197296	-0.00350200938761531	0.8694	0.07988561034671753
15	isolated_galaxies/m1_fg0.1/rot_45/broadband_060.fits	0	0.59	1	1	0	0	0.5112557347332901	-1.7343021970259973	2.7502765592760814	0.004081146147703873	0.003954616126071835	0.8557	0.0803207823269305
16	isolated_galaxies/m1_fg0.1/rot_45/broadband_100.fits	0	0.98	1	1	0	0	0.5200590881029133	-1.7509683369717663	2.878192449996886	-0.02046917212040497	0.001060243952893187	0.9371	0.0986712835870534
17	isolated_galaxies/m1_fg0.1/rot_45/broadband_200.fits	0	1.96	1	1	0	0	0.5521646693425792	-2.0707901962100808	3.538873001547941	-0.051252180393811776	0.01025235405036805	2.1013	0.17178051428857127
18	isolated_galaxies/m1_fg0.1/rot_45/broadband_005.fits	0	0.05	2	1	0	0	0.503807177536238	-1.744644497245354	2.7919564107975736	-0.01817151890143579	-0.0037023497400700276	0.8606	0.06619389995852933
19	isolated_galaxies/m1_fg0.1/rot_45/broadband_010.fits	0	0.1	2	1	0	0	0.5157746637118807	-1.7419270432635858	2.7826204896654265	-0.04928181400503258	-0.004464229500115483	0.8462	0.08130206204545298
20	isolated_galaxies/m1_fg0.1/rot_45/broadband_020.fits	0	0.2	2	1	0	0	0.49139393236936224	-1.776991250593344	2.7690537899678302	-0.022232150631939975	0.0004238249173862662	0.8605	0.050544284762221114
21	isolated_galaxies/m1_fg0.1/rot_45/broadband_030.fits	0	0.29	2	1	0	0	0.5167277072978457	-1.763885441522237	2.812885728035515	-0.04038040731086092	-0.002861190381259637	0.8614	0.0693488055771745
22	isolated_galaxies/m1_fg0.1/rot_45/broadband_040.fits	0	0.39	2	1	0	0	0.5208264146725101	-1.717044018923968	2.7873405187143967	-0.03943447353706585	-0.002465638217112426	0.8591	0.07013605860765289
23	isolated_galaxies/m1_fg0.1/rot_45/broadband_050.fits	0	0.49	2	1	0	0	0.48242580454742207	-1.740995234724458	2.798730600737272	-0.02500394223671567	-0.002112993198891445	0.886	0.079833704145213
24	isolated_galaxies/m1_fg0.1/rot_45/broadband_060.fits	0	0.59	2	1	0	0	0.5139413052670717	-1.772565065660966	2.813672126393837	-0.04486480012795207	-0.0004513373744984875	0.8743	0.11596564226796016
25	isolated_galaxies/m1_fg0.1/rot_45/broadband_100.fits	0	0.98	2	1	0	0	0.528496684562676	-1.6498585569171877	2.783580650039556	-0.010348527956075475	0.010053917035790805	0.93	0.0936107783680887
26	isolated_galaxies/m1_fg0.1/rot_45/broadband_200.fits	0	1.96	2	1	0	0	0.5256663910373494	-1.6646254134479748	2.9619057022929223	0.010739103185537427	0.03183142348436718	1.8629	0.09557595111065981
27	isolated_galaxies/m1_fg0.1/rot_45/broadband_005.fits	0	0.05	3	1	0	0	0.5026951617502385	-1.7435451710770333	2.7961544340323323	-0.03405356231062538	-0.0017230205939290438	0.8546	0.06644691657192875
28	isolated_galaxies/m1_fg0.1/rot_45/broadband_010.fits	0	0.1	3	1	0	0	0.5142398352146957	-1.7110027195768682	2.733636771888266	-0.024925716285757307	0.0016881612136498585	0.8313	0.050105565727035555
29	isolated_galaxies/m1_fg0.1/rot_45/broadband_020.fits	0	0.2	3	1	0	0	0.4828427394492439	-1.7143568807961977	2.7639547907086315	-0.030983970433162495	-0.005310130406544626	0.8469	0.04796229533055947
30	isolated_galaxies/m1_fg0.1/rot_45/broadband_030.fits	0	0.29	3	1	0	0	0.5142667927347889	-1.7805293888730833	2.8223352665631722	-0.046660154046287164	-0.003921699903003483	0.8707	0.05525517815540976
31	isolated_galaxies/m1_fg0.1/rot_45/broadband_040.fits	0	0.39	3	1	0	0	0.49263242153956643	-1.7203618131991483	2.751494255651296	-0.02201446936040105	0.0019285553739027193	0.8594	0.10386588950693806
32	isolated_galaxies/m1_fg0.1/rot_45/broadband_050.fits	0	0.49	3	1	0	0	0.48371700723018346	-1.736252033697538	2.810478331997819	-0.007134774054722225	0.004813100766841967	0.8764	0.08171334025525287
33	isolated_galaxies/m1_fg0.1/rot_45/broadband_060.fits	0	0.59	3	1	0	0	0.5092960668681551	-1.7284239530346233	2.8104442969089733	-0.04119252185468117	-0.009138548531028311	0.8572	0.08186961788376396
34	isolated_galaxies/m1_fg0.1/rot_45/broadband_100.fits	0	0.98	3	1	0	0	0.5153939997003166	-1.7759214083644164	2.793404557156713	-0.014350087766726421	0.007793267857073043	0.9482	0.10464161302485897
35	isolated_galaxies/m1_fg0.1/rot_45/broadband_200.fits	0	1.96	3	1	0	0	0.5376191280126031	-1.7844068307009402	3.1217192889078493	-0.023415560741573204	0.01940620768176024	1.943	0.09735251606898476
36	isolated_galaxies/m1_fg0.1/rot_45/broadband_005.fits	0	0.05	4	1	0	0	0.5259657659128463	-1.802577200849706	2.722618125816363	-0.0522428075262017	-0.05935661856920423	0.8822	0.04971718623884205
37	isolated_galaxies/m1_fg0.1/rot_45/broadband_020.fits	0	0.2	4	1	0	0	0.49351072029491394	-1.7827596028366057	2.654366201983425	-0.05111982064754961	-0.03968541045847832	0.9495	0.08388486691838604
38	isolated_galaxies/m1_fg0.1/rot_45/broadband_050.fits	0	0.49	4	1	0	0	0.5087985412217721	-1.7748934907801657	2.691714730199797	-0.05448046013653272	-0.059509287001374755	0.9482	0.08849643759526014
39	isolated_galaxies/m1_fg0.1/rot_45/broadband_005.fits	0	0.05	5	1	0	0	0.5113358229597517	-1.787303205627103	2.720053944032865	-0.05492943015338038	-0.05363876858616763	0.8819	0.0798934479754656
40	isolated_galaxies/m1_fg0.1/rot_45/broadband_010.fits	0	0.1	5	1	0	0	0.5252542930649821	-1.7826140100447148	2.681399593111876	-0.07636050994415214	-0.05795600733857099	0.9037	0.059987859895581
41	isolated_galaxies/m1_fg0.1/rot_45/broadband_020.fits	0	0.2	5	1	0	0	0.5110452742573717	-1.792934830486707	2.665124713304994	-0.07671697460697872	-0.06247766259284853	0.9517	0.09715110594291337
42	isolated_galaxies/m1_fg0.1/rot_45/broadband_040.fits	0	0.39	5	1	0	0	0.5245757060776662	-1.7755310947090481	2.7008873147879298	-0.06487331759243586	-0.054449359431532736	0.9436	0.12738209471662845
43	isolated_galaxies/m1_fg0.1/rot_45/broadband_050.fits	0	0.49	5	1	0	0	0.502183729741102	-1.7751549628924144	2.694892587817885	-0.04526950478798011	-0.04784773234697682	0.9581	0.07171487705592595
44	isolated_galaxies/m1_fg0.1/rot_45/broadband_005.fits	0	0.05	6	1	0	0	0.5080107058422402	-1.7839325793574432	2.7057909261089206	-0.0697627059277631	-0.06066307688759188	0.883	0.056310144764492795
45	isolated_galaxies/m1_fg0.1/rot_45/broadband_010.fits	0	0.1	6	1	0	0	0.5202605524942244	-1.7762732074019927	2.658876110577358	-0.06537670093044894	-0.06533286719857302	0.9105	0.05551191850527145
46	isolated_galaxies/m1_fg0.1/rot_45/broadband_020.fits	0	0.2	6	1	0	0	0.49552884153755866	-1.7765334924526628	2.672002681371187	-0.06398149210979402	-0.039966871391599566	0.9444	0.056418133022966256
47	isolated_galaxies/m1_fg0.1/rot_45/broadband_040.fits	0	0.39	6	1	0	0	0.5248475447119443	-1.776179391107303	2.6730534543807294	-0.058062046070347595	-0.08439883981836237	0.941	0.09884619702141018
48	isolated_galaxies/m1_fg0.1/rot_45/broadband_050.fits	0	0.49	6	1	0	0	0.49540626485882866	-1.7676746283129168	2.6770474696079076	-0.06422117152778452	-0.05222972527631687	0.9475	0.05808142299446839
