Counter	Image	class label	Myr	Viewpoint	# Bulges	Sep	Flux Ratio	Gini	M20	C	A	S	Sersic n	A_s
0	q0.1_fg0.3_BT0.2_allrx10_sunruns/hires_kin_early_cen1/broadband_005.fits	1	0.05	0	1	0	0	0.5219352848788013	-1.914376819445321	3.0104443287685365	-0.036270784468787794	-0.02605827047288262	1.5142	0.13947517260646355
1	q0.1_fg0.3_BT0.2_allrx10_sunruns/hires_kin_early_cen1/broadband_040.fits	1	0.39	0	1	0	0	0.48240587602485024	-1.8803284127381188	2.879875114449815	-0.014687974130847742	0.004786539196406126	1.3635	0.05707155415884399
2	q0.1_fg0.3_BT0.2_allrx10_sunruns/hires_kin_early_cen1/broadband_060.fits	1	0.59	0	1	0	0	0.486608259484408	-1.8255335803311632	2.901744218647303	0.054974082424464485	0.03701500641697288	1.1279	0.3343723466284707
3	q0.1_fg0.3_BT0.2_allrx10_sunruns/hires_kin_early_cen1/broadband_100.fits	1	0.98	0	1	0	0	0.5030656933705021	-1.863145505864053	2.854835326235846	0.04157731858857783	0.0468908985973348	1.2799	0.12546837488127363
4	q0.1_fg0.3_BT0.2_allrx10_sunruns/hires_kin_early_cen1/broadband_200.fits	1	1.96	0	1	0	0	0.5425087875748231	-1.9007815542898536	2.9269260048502996	0.054211713184642095	-0.004160988307877667	1.4017	0.1802521381995794
5	q0.1_fg0.3_BT0.2_allrx10_sunruns/hires_kin_early_cen1/broadband_300.fits	1	2.93	0	1	0	0	0.5065387598377535	-1.9114168507656024	2.9200248021107074	-0.03804927440493203	-0.018016796620515536	1.5734	0.14827129881666323
6	q0.1_fg0.3_BT0.2_allrx10_sunruns/hires_kin_early_cen1/broadband_400.fits	1	3.91	0	1	0	0	0.513421053917569	-1.948847632106294	2.930596523131177	-0.06584991925312542	-0.06566159483188742	1.8917	0.15681653266713536
7	q0.1_fg0.3_BT0.2_allrx10_sunruns/hires_kin_early_cen1/broadband_410.fits	1	4.01	0	1	0	0	0.5175193630810802	-1.9575893548886436	2.9849632595066957	-0.08516620711470232	-0.06905707007368989	1.9249	0.11391000293704824
8	q0.1_fg0.3_BT0.2_allrx10_sunruns/hires_kin_early_cen1/broadband_420.fits	1	4.11	0	1	0	0	0.5335350762003672	-1.6001436534978322	3.036435237480648	-0.02697455748136598	-0.07540109837608873	2.1816	0.2409064587600078
9	q0.1_fg0.3_BT0.2_allrx10_sunruns/hires_kin/broadband_600.fits	1	5.85	0	1	0	0	0.5417159568687003	-2.0145021087778376	3.212155640850423	-0.11930131416967053	-0.17585856697682598	3.2184	0.14584697756503343
10	q0.1_fg0.3_BT0.2_allrx10_sunruns/hires_kin/broadband_640.fits	1	6.24	0	1	0	0	0.5277331461069859	-2.1034929952694505	3.1865451475693463	-0.10076882174593303	-0.2408747026409123	3.3795	0.23528463465757446
11	q0.1_fg0.3_BT0.2_allrx10_sunruns/hires_kin/broadband_700.fits	1	6.83	0	1	0	0	0.5349373398534957	-2.1244069648548054	3.2839574429062313	-0.015857754950678114	-0.2527897229573145	3.6669	0.30655275128349396
12	q0.1_fg0.3_BT0.2_allrx10_sunruns/hires_kin/broadband_800.fits	1	7.8	0	2	5.293003093209216	32.79442344321347	0.5251851122163188	-1.946089149953123	3.2103232489641833	-0.07449814895099169	-0.23324207409280054	3.5888	0.19557217459636364
13	q0.1_fg0.3_BT0.2_allrx10_sunruns/hires_kin/broadband_840.fits	1	8.19	0	1	0	0	0.5196845541664759	-2.0011588897211348	3.2177264453282284	-0.014276663068819147	-0.18571148791330866	3.5994	0.46590628028159586
14	q0.1_fg0.3_BT0.2_allrx10_sunruns/hires_kin/broadband_900.fits	1	8.78	0	1	0	0	0.5230576222221535	-2.1491468622650287	3.3080204421307164	-0.11040352293290853	-0.2769710016292754	3.9993	0.5331275289702374
15	q0.1_fg0.3_BT0.2_allrx10_sunruns/hires_kin/broadband_940.fits	1	9.17	0	1	0	0	0.5217723813742285	-2.1172409441901676	3.2940273324885427	-0.030895308313046568	-0.2700014274573516	3.9116	0.28589480164467734
16	q0.1_fg0.3_BT0.2_allrx10_sunruns/hires_kin/broadband_980.fits	1	9.56	0	1	0	0	0.5125237235894843	-2.1473830486508083	3.3214649141562367	-0.10018027159603218	-0.26098340713871726	4.2024	0.2671353336809732
17	q0.1_fg0.3_BT0.2_allrx10_sunruns/hires_kin/broadband_1020.fits	1	9.95	0	1	0	0	0.5077164369667309	-2.1333817552018557	3.2721779017619177	-0.06787806093222692	-0.2410709679793567	4.1802	0.1771550781370749
18	q0.1_fg0.3_BT0.2_allrx10_sunruns/hires_kin/broadband_1040.fits	1	10.15	0	1	0	0	0.513312019052721	-2.1512846227633666	3.300968671922948	-0.09089133072231892	-0.28146714221958985	4.2276	0.13699464687717533
19	q0.1_fg0.3_BT0.2_allrx10_sunruns/hires_kin/broadband_1060.fits	1	10.35	0	1	0	0	0.5109148479869953	-2.154296375239149	3.3344724606198635	-0.15225233489629594	-0.23370841757967517	4.0906	0.1198885951305843
20	q0.1_fg0.3_BT0.2_allrx10_sunruns/hires_kin/broadband_1100.fits	1	10.74	0	1	0	0	0.5056908952230548	-2.1180462787415704	3.266012421297855	-0.0884505227686127	-0.24079076583098052	4.1046	0.12820229028956298
21	q0.1_fg0.3_BT0.2_allrx10_sunruns/hires_kin/broadband_1140.fits	1	11.13	0	1	0	0	0.5143506505830289	-2.1660368114817716	3.339387067212651	-0.11515657812508454	-0.26360694282542363	4.1299	0.16604397900786352
22	q0.1_fg0.3_BT0.2_allrx10_sunruns/hires_kin/broadband_1150.fits	1	11.64	0	1	0	0	0.5141890762794089	-2.126162464571353	3.3056585011422435	-0.09561943267782676	-0.22406295498522572	3.8895	0.16584333330809464
23	q0.1_fg0.3_BT0.2_allrx10_sunruns/hires_kin/broadband_1160.fits	1	12.61	0	1	0	0	0.5119086298364653	-2.147636590126897	3.3342374197207736	-0.14390135843977572	-0.27696443223371997	4.5281	0.1380266468361154
24	q0.1_fg0.3_BT0.2_allrx10_sunruns/hires_kin/broadband_1165.fits	1	13.1	0	1	0	0	0.5095491418313294	-2.1587746318131362	3.344801271681712	-0.07105644335016467	-0.267242694253015	4.5603	0.10254661313759311
25	q0.1_fg0.3_BT0.2_allrx10_sunruns/hires_kin/broadband_1168.fits	1	13.4	0	1	0	0	0.5110895711482111	-2.1413879408473853	3.3603790863541514	-0.07396550826852168	-0.27028611752516385	4.2712	0.18069357447803625
26	q0.1_fg0.3_BT0.2_allrx10_sunruns/hires_kin_early_cen1/broadband_005.fits	1	0.05	1	1	0	0	0.5890177260877131	-1.6950288265127011	3.3684815634355854	0.008367950917493754	0.03186200780203513	0.6562	0.10373223035694412
27	q0.1_fg0.3_BT0.2_allrx10_sunruns/hires_kin_early_cen1/broadband_040.fits	1	0.39	1	1	0	0	0.5994614470602342	-1.6815355876903346	3.2906904313383807	-0.027030752190555576	0.03790377441184009	0.628	0.08620579841162176
28	q0.1_fg0.3_BT0.2_allrx10_sunruns/hires_kin_early_cen1/broadband_060.fits	1	0.59	1	1	0	0	0.526287511772326	-1.7510514294483432	3.3619192632179136	-0.020968867965873033	0.06318570778078111	0.5794	0.14744032575508806
29	q0.1_fg0.3_BT0.2_allrx10_sunruns/hires_kin_early_cen1/broadband_100.fits	1	0.98	1	1	0	0	0.5185277098920671	-1.6521663812346397	3.250349829486346	-0.04329165551865155	0.041402267472310066	0.6169	0.1373449067330277
30	q0.1_fg0.3_BT0.2_allrx10_sunruns/hires_kin_early_cen1/broadband_200.fits	1	1.96	1	1	0	0	0.5218966624009277	-1.6935422119685064	3.2808326368213354	-0.04643195483274555	0.034631626439383896	0.7888	0.10659197349768837
31	q0.1_fg0.3_BT0.2_allrx10_sunruns/hires_kin_early_cen1/broadband_300.fits	1	2.93	1	1	0	0	0.5234493293228345	-1.7476279089983728	3.2440755129812446	-0.001924738966972951	0.03571224990776514	0.8407	0.10113899111954401
32	q0.1_fg0.3_BT0.2_allrx10_sunruns/hires_kin_early_cen1/broadband_400.fits	1	3.91	1	1	0	0	0.5321517556189623	-1.772571844220865	3.3304234897990295	-0.07096698709582261	0.002557214412298164	0.9416	0.09535509642742974
33	q0.1_fg0.3_BT0.2_allrx10_sunruns/hires_kin_early_cen1/broadband_410.fits	1	4.01	1	1	0	0	0.5260451408020617	-1.8162650667702793	3.378679975490889	-0.019477033423251855	0.030390688337140145	0.9731	0.09377911692441582
34	q0.1_fg0.3_BT0.2_allrx10_sunruns/hires_kin_early_cen1/broadband_420.fits	1	4.11	1	2	4.562193415848479	8.984212177919382	0.6040083826319944	-1.7492149593683297	3.31160353547805	0.07527785836548964	0.06142971830646668	1.0324	0.3424497417832791
35	q0.1_fg0.3_BT0.2_allrx10_sunruns/hires_kin/broadband_600.fits	1	5.85	1	1	0	0	0.5590247903947074	-1.834203380789513	3.6007332630931166	-0.08759949348946625	-0.003948831789689947	1.385	0.19922783164622054
36	q0.1_fg0.3_BT0.2_allrx10_sunruns/hires_kin/broadband_640.fits	1	6.24	1	1	0	0	0.5573635243620452	-1.8885711220236625	3.684577765658466	-0.08458282492904778	0.014568984590932936	1.3435	0.24392755585080103
37	q0.1_fg0.3_BT0.2_allrx10_sunruns/hires_kin/broadband_700.fits	1	6.83	1	1	0	0	0.568495065876729	-1.963587693013324	3.763338943530139	-0.131432753428863	-0.010810155448288804	1.5271	0.1880655230046766
38	q0.1_fg0.3_BT0.2_allrx10_sunruns/hires_kin/broadband_800.fits	1	7.8	1	1	0	0	0.5782221322241685	-1.7568206703473654	3.7445896817627418	-0.18806502650562823	-0.0029744861106721387	1.5093	0.2627411228598364
39	q0.1_fg0.3_BT0.2_allrx10_sunruns/hires_kin/broadband_840.fits	1	8.19	1	1	0	0	0.5710862381747857	-1.8570145377317748	3.5747624508069524	-0.08288870434549522	0.027421706957991843	1.5175	0.3098440531643912
40	q0.1_fg0.3_BT0.2_allrx10_sunruns/hires_kin/broadband_900.fits	1	8.78	1	1	0	0	0.5676842406016697	-1.8998385235912283	3.7148281455889083	-0.02928660547880858	0.007144604933534933	1.6277	0.3939439160242003
41	q0.1_fg0.3_BT0.2_allrx10_sunruns/hires_kin/broadband_940.fits	1	9.17	1	1	0	0	0.5525044340838516	-1.849786338715277	3.7957983535576068	-0.10229812877004514	-0.10121379229607207	1.5663	0.23349570544263676
42	q0.1_fg0.3_BT0.2_allrx10_sunruns/hires_kin/broadband_980.fits	1	9.56	1	1	0	0	0.5532662953838038	-1.907811934684718	3.7032121492076313	-0.12252043507391702	0.02539022457004345	1.7849	0.2531777945694268
43	q0.1_fg0.3_BT0.2_allrx10_sunruns/hires_kin/broadband_1000.fits	1	9.76	1	1	0	0	0.545343735351347	-1.8982043494349607	3.8096330247047505	-0.19135001402271104	-0.35401864161530583	1.7548	0.22707657346404522
44	q0.1_fg0.3_BT0.2_allrx10_sunruns/hires_kin/broadband_1020.fits	1	9.95	1	1	0	0	0.5608029638040811	-1.9071191574803734	3.7068267188741566	-0.14293226093281872	0.005685755429395305	1.6691	0.3193305800142177
45	q0.1_fg0.3_BT0.2_allrx10_sunruns/hires_kin/broadband_1040.fits	1	10.15	1	1	0	0	0.5553570606072527	-1.9197836375403146	3.815656768945286	-0.1511024404142592	-0.04637849333529667	1.7185	0.2813818145344057
46	q0.1_fg0.3_BT0.2_allrx10_sunruns/hires_kin/broadband_1060.fits	1	10.35	1	1	0	0	0.5335191347548344	-1.9024846843970002	3.865232415826043	-0.11103811552357161	-0.01941270193791626	1.7762	0.2790087308336985
47	q0.1_fg0.3_BT0.2_allrx10_sunruns/hires_kin/broadband_1080.fits	1	10.54	1	1	0	0	0.5300171544201674	-1.8856146399776537	3.6689962202587227	-0.10619064050309447	0.002415239463341664	1.7573	0.22485781299160887
48	q0.1_fg0.3_BT0.2_allrx10_sunruns/hires_kin/broadband_1100.fits	1	10.74	1	1	0	0	0.5453337703503539	-1.8869660891403521	3.722944216378605	-0.10203829069769778	-0.005077309772697466	1.6874	0.33703367489388303
49	q0.1_fg0.3_BT0.2_allrx10_sunruns/hires_kin/broadband_1140.fits	1	11.13	1	1	0	0	0.5494968156502238	-1.8891316742096196	3.699362365075853	-0.14760986846012292	0.009254813381635004	1.8653	0.3248349986603688
50	q0.1_fg0.3_BT0.2_allrx10_sunruns/hires_kin/broadband_1145.fits	1	11.18	1	1	0	0	0.5473802340669143	-1.8644774960759163	3.6671835011843785	-0.09309446642299954	0.014272245547396901	1.8112	0.23475960452984085
51	q0.1_fg0.3_BT0.2_allrx10_sunruns/hires_kin/broadband_1150.fits	1	11.64	1	1	0	0	0.5413516776721458	-1.8506272699592239	3.6444617349589308	-0.14760550615811632	0.007357237868380578	1.7757	0.30153779774181844
52	q0.1_fg0.3_BT0.2_allrx10_sunruns/hires_kin/broadband_1155.fits	1	12.13	1	1	0	0	0.535133186421164	-1.8598065911391837	3.666605232819982	-0.08579702683058821	-0.4244426213936963	1.7384	0.4812525963834885
53	q0.1_fg0.3_BT0.2_allrx10_sunruns/hires_kin/broadband_1160.fits	1	12.61	1	1	0	0	0.5365536509209927	-1.8082448251625118	3.6417863145257816	-0.1214403163348575	-0.07938490511748779	1.7022	0.187158861842831
54	q0.1_fg0.3_BT0.2_allrx10_sunruns/hires_kin/broadband_1165.fits	1	13.1	1	1	0	0	0.5181720478298555	-1.8427305696730603	3.584601813379271	-0.10710015546290234	-0.06603560724319127	1.808	0.22660929078414288
55	q0.1_fg0.3_BT0.2_allrx10_sunruns/hires_kin_early_cen1/broadband_005.fits	1	0.05	2	1	0	0	0.5780501058115771	-1.7225467323739905	3.310602265873981	0.009908930504513936	0.036196799906262546	0.7153	0.14688651823770482
56	q0.1_fg0.3_BT0.2_allrx10_sunruns/hires_kin_early_cen1/broadband_040.fits	1	0.39	2	2	14.232943665626227	6.4138677381823985	0.5561452095619447	-1.638310128722314	3.1838377415355272	0.007014021743628025	0.0377413888706291	0.6728	0.10315550344287897
57	q0.1_fg0.3_BT0.2_allrx10_sunruns/hires_kin_early_cen1/broadband_060.fits	1	0.59	2	1	0	0	0.6172442747206404	-1.5754828505061964	2.95428608244096	0.09807871335492994	0.016038246314993055	0.8342	0.3733216029949477
58	q0.1_fg0.3_BT0.2_allrx10_sunruns/hires_kin_early_cen1/broadband_100.fits	1	0.98	2	1	0	0	0.5998232540855706	-1.6974822431999161	2.9719160072741286	0.036831516121684484	0.01818249796694851	0.7242	0.28308109664678804
59	q0.1_fg0.3_BT0.2_allrx10_sunruns/hires_kin_early_cen1/broadband_200.fits	1	1.96	2	1	0	0	0.5168970226926818	-1.762562486101158	3.2512977479518628	-0.037371130247445365	0.010508200662521545	0.8668	0.1976397031167961
60	q0.1_fg0.3_BT0.2_allrx10_sunruns/hires_kin_early_cen1/broadband_300.fits	1	2.93	2	1	0	0	0.4755384875650209	-1.762407289826871	3.165319927483692	-0.07663831567983022	0.007195372793418543	0.8784	0.12082708572731361
61	q0.1_fg0.3_BT0.2_allrx10_sunruns/hires_kin_early_cen1/broadband_400.fits	1	3.91	2	1	0	0	0.5029656707426935	-1.8450387008321287	3.2403204862378967	-0.046231038378706166	0.008184248546565817	1.0354	0.09309468354034157
62	q0.1_fg0.3_BT0.2_allrx10_sunruns/hires_kin_early_cen1/broadband_410.fits	1	4.01	2	1	0	0	0.5098147313533559	-1.8308224946514597	3.276021737501453	-0.10547902608306726	-0.004138311821048162	0.9899	0.12333669100100564
63	q0.1_fg0.3_BT0.2_allrx10_sunruns/hires_kin_early_cen1/broadband_420.fits	1	4.11	2	1	0	0	0.5301167825567812	-1.7988197087066065	3.401064747298591	0.017425828162489727	0.02329441699339336	1.0108	0.38886260986616156
64	q0.1_fg0.3_BT0.2_allrx10_sunruns/hires_kin/broadband_600.fits	1	5.85	2	1	0	0	0.5535104461302571	-2.024544548660236	3.265288853756881	-0.017470402821373056	0.003352932859171074	1.6022	0.2807756683689757
65	q0.1_fg0.3_BT0.2_allrx10_sunruns/hires_kin/broadband_640.fits	1	6.24	2	1	0	0	0.5321913681812935	-1.9721568740463442	3.3226797786168834	-0.07561779579150742	-0.014007401943084558	1.7081	0.2766505153084944
66	q0.1_fg0.3_BT0.2_allrx10_sunruns/hires_kin/broadband_700.fits	1	6.83	2	1	0	0	0.5351381315221776	-1.9801440559787675	3.4959327236501627	-0.05629195145782011	-0.028190561985389596	2.014	0.31039187844347005
67	q0.1_fg0.3_BT0.2_allrx10_sunruns/hires_kin/broadband_800.fits	1	7.8	2	1	0	0	0.543240701028314	-2.00222126676485	3.4340781644711016	-0.17219008812722353	-0.05962387031231074	1.8868	0.3297903240025809
68	q0.1_fg0.3_BT0.2_allrx10_sunruns/hires_kin/broadband_840.fits	1	8.19	2	1	0	0	0.5410013780541555	-1.8268194029514078	3.417099464600229	-0.011904351507681732	0.0022579551634284117	1.8597	0.4042945820499726
69	q0.1_fg0.3_BT0.2_allrx10_sunruns/hires_kin/broadband_900.fits	1	8.78	2	1	0	0	0.542294026017559	-2.0033640848468908	3.410597623109362	-0.05954026084723012	-0.013041592562470778	1.913	0.28287938183878447
70	q0.1_fg0.3_BT0.2_allrx10_sunruns/hires_kin/broadband_940.fits	1	9.17	2	1	0	0	0.5336369835481937	-2.035746224963523	3.5253789912142586	-0.12618594841593153	-0.03392465067298942	2.2083	0.3239821187400363
71	q0.1_fg0.3_BT0.2_allrx10_sunruns/hires_kin/broadband_980.fits	1	9.56	2	1	0	0	0.5403903467322844	-2.1091745690829593	3.44703687416984	-0.16250125518253597	-0.024128356504936905	2.3425	0.2535322730031041
72	q0.1_fg0.3_BT0.2_allrx10_sunruns/hires_kin/broadband_1000.fits	1	9.76	2	1	0	0	0.5366049200517794	-2.0945355029369677	3.519731633693182	-0.12632095679279512	-0.0702535764325401	2.3976	0.1873409271027186
73	q0.1_fg0.3_BT0.2_allrx10_sunruns/hires_kin/broadband_1020.fits	1	9.95	2	1	0	0	0.5264197996336594	-2.0857710629177517	3.485466314980197	-0.14712641856497433	-0.1223811301638312	2.3129	0.14001877379355632
74	q0.1_fg0.3_BT0.2_allrx10_sunruns/hires_kin/broadband_1040.fits	1	10.15	2	1	0	0	0.5450508282713361	-2.088553284005795	3.478239076858764	-0.12170878600653698	-0.010990073317834725	2.2901	0.186997292755629
75	q0.1_fg0.3_BT0.2_allrx10_sunruns/hires_kin/broadband_1060.fits	1	10.35	2	1	0	0	0.5431592244611323	-2.122448503409096	3.4750270326461496	-0.13177582818373612	-0.019681289512963978	2.3616	0.12878047837701748
76	q0.1_fg0.3_BT0.2_allrx10_sunruns/hires_kin/broadband_1080.fits	1	10.54	2	1	0	0	0.5375933083822011	-2.097343229249509	3.5600667213326953	-0.1580811831666459	-0.09157636330403329	2.3038	0.15874922278715334
77	q0.1_fg0.3_BT0.2_allrx10_sunruns/hires_kin/broadband_1100.fits	1	10.74	2	1	0	0	0.5323322127389273	-2.0953210238305897	3.4888702640305427	-0.13649293571210466	-0.05973950629368196	2.2112	0.09980605355858756
78	q0.1_fg0.3_BT0.2_allrx10_sunruns/hires_kin/broadband_1140.fits	1	11.13	2	1	0	0	0.5388994354479479	-2.10321954352483	3.6061110617757715	-0.17468117285955498	-0.1146271319766072	2.4149	0.11708977067519692
79	q0.1_fg0.3_BT0.2_allrx10_sunruns/hires_kin/broadband_1145.fits	1	11.18	2	1	0	0	0.5362306574022777	-2.1497922478325813	3.6279815759036182	-0.12054027690481958	-0.10456516390672123	2.6867	0.1123285659734113
80	q0.1_fg0.3_BT0.2_allrx10_sunruns/hires_kin/broadband_1150.fits	1	11.64	2	1	0	0	0.5388153295226435	-2.126305957265321	3.5302604531042947	-0.15953717100883225	-0.04324133700598359	2.4338	0.0719423455809536
81	q0.1_fg0.3_BT0.2_allrx10_sunruns/hires_kin/broadband_1155.fits	1	12.13	2	1	0	0	0.5424332488758571	-2.1092135255276054	3.5445291328965562	-0.18082643914538182	-0.07195850514112463	2.3585	0.11539724332310455
82	q0.1_fg0.3_BT0.2_allrx10_sunruns/hires_kin/broadband_1160.fits	1	12.61	2	1	0	0	0.5356663338157654	-2.120045555602151	3.5364133534969038	-0.16550743995062048	-0.05200192535260952	2.4358	0.14172834209476362
83	q0.1_fg0.3_BT0.2_allrx10_sunruns/hires_kin/broadband_1165.fits	1	13.1	2	1	0	0	0.5490180054075738	-2.1669096268517154	3.589564436065888	-0.1919685028012184	-0.056057801436400864	2.6784	0.15107220234320268
84	q0.1_fg0.3_BT0.2_allrx10_sunruns/hires_kin/broadband_1168.fits	1	13.4	2	1	0	0	0.5380250932594735	-2.162759623846792	3.5784176034321002	-0.21030178810661757	-0.1425451991852237	2.6797	0.18308375690710804
85	q0.1_fg0.3_BT0.2_allrx10_sunruns/hires_kin_early_cen1/broadband_005.fits	1	0.05	3	1	0	0	0.5191308732331503	-1.8991395932160224	3.001612274413505	-0.029417590869374104	-0.004066216969522253	1.4065	0.08562517647668633
86	q0.1_fg0.3_BT0.2_allrx10_sunruns/hires_kin_early_cen1/broadband_040.fits	1	0.39	3	1	0	0	0.5633086118354942	-1.8050636025428546	3.0603006430535014	0.07955018306622033	0.012925306808239626	1.3447	0.26972748265013147
87	q0.1_fg0.3_BT0.2_allrx10_sunruns/hires_kin_early_cen1/broadband_060.fits	1	0.59	3	1	0	0	0.4840893690964712	-1.8020428195425497	2.6602580239989413	0.05450518838162961	0.029670666328743975	1.044	0.3303714239297035
88	q0.1_fg0.3_BT0.2_allrx10_sunruns/hires_kin_early_cen1/broadband_100.fits	1	0.98	3	1	0	0	0.49534005745220383	-1.8604933112490807	2.856018381089305	-0.0035184467261727853	0.02557957087336471	1.1927	0.09416315744423298
89	q0.1_fg0.3_BT0.2_allrx10_sunruns/hires_kin_early_cen1/broadband_200.fits	1	1.96	3	1	0	0	0.5263247447234134	-1.8710116779331223	2.913080996706653	0.06371926248215426	0.008298860612490695	1.3179	0.16863539263549585
90	q0.1_fg0.3_BT0.2_allrx10_sunruns/hires_kin_early_cen1/broadband_300.fits	1	2.93	3	1	0	0	0.4915197541376087	-1.8978938823221998	2.9831480568601583	-0.006508433504376914	0.0020832021002945545	1.4716	0.1609922340814315
91	q0.1_fg0.3_BT0.2_allrx10_sunruns/hires_kin_early_cen1/broadband_400.fits	1	3.91	3	1	0	0	0.4952269745322989	-1.9130115478750276	2.992672982471741	-0.06896165792695987	-0.008375840192830341	1.6464	0.26500616197053845
92	q0.1_fg0.3_BT0.2_allrx10_sunruns/hires_kin_early_cen1/broadband_410.fits	1	4.01	3	1	0	0	0.5176265708674652	-1.951813694199171	3.005166572831721	-0.04653953836523191	-0.003324565127197027	1.6167	0.17864240436676174
93	q0.1_fg0.3_BT0.2_allrx10_sunruns/hires_kin_early_cen1/broadband_420.fits	1	4.11	3	2	3.3841269316390155	15.199874424986893	0.5031355820360198	-1.621733727412039	2.916424932284283	-0.02510524916195051	0.0015690615453264408	1.7843	0.13786755073511978
94	q0.1_fg0.3_BT0.2_allrx10_sunruns/hires_kin/broadband_600.fits	1	5.85	3	1	0	0	0.5267046087061521	-2.0366905351544258	3.2596620754655863	-0.046716794917312864	-0.09902403690076789	2.388	0.27163351322208307
95	q0.1_fg0.3_BT0.2_allrx10_sunruns/hires_kin/broadband_640.fits	1	6.24	3	1	0	0	0.5333378384725264	-2.0553346357067817	3.299786638744596	-0.0985137145354652	-0.07567968772392777	2.3564	0.1955434624158574
96	q0.1_fg0.3_BT0.2_allrx10_sunruns/hires_kin/broadband_700.fits	1	6.83	3	1	0	0	0.5344728999780487	-2.001912119610072	3.2112883813836857	-0.09541645793329495	-0.06606393097493153	2.3775	0.22216691777691694
97	q0.1_fg0.3_BT0.2_allrx10_sunruns/hires_kin/broadband_800.fits	1	7.8	3	1	0	0	0.5515112378365641	-2.004895499332093	3.320252300103508	-0.04884357479636863	-0.05045006891006938	2.4281	0.4250982735791513
98	q0.1_fg0.3_BT0.2_allrx10_sunruns/hires_kin/broadband_840.fits	1	8.19	3	2	7.860371018950427	42.575523827009654	0.5219581320780963	-2.031088353704485	3.386918400008586	-0.10185443902482921	-0.023492912235534312	2.3225	0.21771773326261173
99	q0.1_fg0.3_BT0.2_allrx10_sunruns/hires_kin/broadband_900.fits	1	8.78	3	1	0	0	0.5199893405630455	-2.0282955204478443	3.2359577621138897	-0.05238805194346262	-0.05722284867059043	2.6088	0.29380369684765445
100	q0.1_fg0.3_BT0.2_allrx10_sunruns/hires_kin/broadband_940.fits	1	9.17	3	1	0	0	0.5262651921506001	-2.103324992578509	3.3943166118714974	-0.08580376438858707	-0.08019293338675003	2.7916	0.35846438368084854
101	q0.1_fg0.3_BT0.2_allrx10_sunruns/hires_kin/broadband_1000.fits	1	9.76	3	1	0	0	0.5338816072283703	-2.138288545829152	3.4636731332827635	-0.10805439547897298	-0.2093705225986468	2.8016	0.1083239028733725
102	q0.1_fg0.3_BT0.2_allrx10_sunruns/hires_kin/broadband_1020.fits	1	9.95	3	1	0	0	0.5360805042899027	-2.131963483004548	3.4248535819616173	-0.07772460724779061	-0.04411701256443707	2.8122	0.17822440229788475
103	q0.1_fg0.3_BT0.2_allrx10_sunruns/hires_kin/broadband_1040.fits	1	10.15	3	1	0	0	0.5315565197055494	-2.1363707264331175	3.385035390368337	-0.13308695926929148	-0.05633917427699564	2.8531	0.18047377120939934
104	q0.1_fg0.3_BT0.2_allrx10_sunruns/hires_kin/broadband_1060.fits	1	10.35	3	1	0	0	0.5307073117082649	-2.1566911952312395	3.4825680752426695	-0.15017964847869616	-0.10924177485081306	2.8978	0.16599668419788738
105	q0.1_fg0.3_BT0.2_allrx10_sunruns/hires_kin/broadband_1080.fits	1	10.54	3	1	0	0	0.5389912221877856	-2.144307609116326	3.413552233618928	-0.1139028951544516	-0.10280304632998494	2.88	0.09516415261599208
106	q0.1_fg0.3_BT0.2_allrx10_sunruns/hires_kin/broadband_1100.fits	1	10.74	3	1	0	0	0.5154354896163297	-2.083085550731896	3.364497501493417	-0.1037646185519051	-0.07428566182451479	2.5542	0.17262641985057045
107	q0.1_fg0.3_BT0.2_allrx10_sunruns/hires_kin/broadband_1145.fits	1	11.18	3	1	0	0	0.5289460120857846	-2.1478226391054296	3.4698401905312837	-0.12355332460115416	-0.12060363290057469	3.0873	0.12879671626181363
108	q0.1_fg0.3_BT0.2_allrx10_sunruns/hires_kin/broadband_1150.fits	1	11.64	3	1	0	0	0.537177307924187	-2.1675844403666296	3.4767726220054302	-0.13114684763010845	-0.2275067517246005	2.86	0.17017314818209497
109	q0.1_fg0.3_BT0.2_allrx10_sunruns/hires_kin/broadband_1155.fits	1	12.13	3	1	0	0	0.5362944555206189	-2.1461708024118566	3.4295976337551832	-0.06752500374570694	-0.03973525394047926	2.6899	0.08938552769040993
110	q0.1_fg0.3_BT0.2_allrx10_sunruns/hires_kin/broadband_1160.fits	1	12.61	3	1	0	0	0.541772770747453	-2.1538403950331797	3.4773445165830346	-0.12656643079176122	-0.14245696614517148	2.8087	0.19393181284185218
111	q0.1_fg0.3_BT0.2_allrx10_sunruns/hires_kin/broadband_1165.fits	1	13.1	3	1	0	0	0.5313679941561762	-2.1935622904170518	3.527880032542095	-0.15246182290037033	-0.03952902858275946	3.0078	0.09892060617759388
112	q0.1_fg0.3_BT0.2_allrx10_sunruns/hires_kin/broadband_1168.fits	1	13.4	3	1	0	0	0.5308064987119586	-2.185613529202246	3.545844898277865	-0.12587396218129915	-0.31074782409564405	2.9102	0.0932139612480483
113	q0.1_fg0.3_BT0.2_allrx10_sunruns/hires_kin_early_cen1/broadband_005.fits	1	0.05	4	1	0	0	0.5197030926388101	-1.9159372763173768	3.010744029499459	-0.03917825411673952	-0.012902759300430802	1.4569	0.07528829895809114
114	q0.1_fg0.3_BT0.2_allrx10_sunruns/hires_kin_early_cen1/broadband_040.fits	1	0.39	4	1	0	0	0.4895725685277264	-1.8866715107581657	2.8643667122652854	-0.001477581924278025	0.004136029094301024	1.312	0.05699673779711393
115	q0.1_fg0.3_BT0.2_allrx10_sunruns/hires_kin_early_cen1/broadband_060.fits	1	0.59	4	1	0	0	0.4916425364821443	-1.8177906779742412	2.95583108000859	0.026692525988678314	0.03651578988446555	1.1101	0.2993747362771466
116	q0.1_fg0.3_BT0.2_allrx10_sunruns/hires_kin_early_cen1/broadband_100.fits	1	0.98	4	1	0	0	0.5082645641367773	-1.8534563706803142	2.7218905960545663	0.022612676786568066	0.029364042061802313	1.2557	0.15824547968051356
117	q0.1_fg0.3_BT0.2_allrx10_sunruns/hires_kin_early_cen1/broadband_200.fits	1	1.96	4	1	0	0	0.5305832132216983	-1.908480862836012	2.9862270826337536	0.04799508448940969	-0.012266728113648585	1.4459	0.1724763822903523
118	q0.1_fg0.3_BT0.2_allrx10_sunruns/hires_kin_early_cen1/broadband_300.fits	1	2.93	4	1	0	0	0.5134195017499849	-1.9127478137928244	2.916230199198816	-0.018089060690358313	-0.00872536308131483	1.5387	0.22289108079361447
119	q0.1_fg0.3_BT0.2_allrx10_sunruns/hires_kin_early_cen1/broadband_400.fits	1	3.91	4	1	0	0	0.5118079404631614	-1.9449981760132067	2.948361549897305	-0.07797065809140025	-0.05752920069710646	1.8878	0.20100758743677838
120	q0.1_fg0.3_BT0.2_allrx10_sunruns/hires_kin_early_cen1/broadband_410.fits	1	4.01	4	1	0	0	0.5109636993392336	-1.9537443456126742	2.9675582020384756	-0.06955255520407075	-0.06139411474087995	1.8699	0.15621955083040084
121	q0.1_fg0.3_BT0.2_allrx10_sunruns/hires_kin_early_cen1/broadband_420.fits	1	4.11	4	1	0	0	0.5018304355909047	-1.655973893478832	2.8281060566115257	-0.025476098664526773	-0.024889058097185866	1.8574	0.16548581801305084
122	q0.1_fg0.3_BT0.2_allrx10_sunruns/hires_kin/broadband_600.fits	1	5.85	4	1	0	0	0.5406137485276467	-2.0309724018985227	3.2555533821744325	-0.055064973975613	-0.20225394107710484	2.9903	0.26602721361771
123	q0.1_fg0.3_BT0.2_allrx10_sunruns/hires_kin/broadband_640.fits	1	6.24	4	1	0	0	0.5240693442319974	-2.0946122064539003	3.206504688276048	-0.044046970707641124	-0.20387586973985705	3.1428	0.2002232494449897
124	q0.1_fg0.3_BT0.2_allrx10_sunruns/hires_kin/broadband_800.fits	1	7.8	4	2	4.634861668917433	15.233510631495674	0.5424972624699398	-1.8598070796220267	3.216190807771004	-0.018935114739994142	-0.19679936148947533	3.0827	0.24365718986096543
125	q0.1_fg0.3_BT0.2_allrx10_sunruns/hires_kin/broadband_840.fits	1	8.19	4	1	0	0	0.523223175819811	-1.9757014127682668	3.224160741096113	-0.1118764220942133	-0.20639125498908964	3.1799	0.5149231584214375
126	q0.1_fg0.3_BT0.2_allrx10_sunruns/hires_kin/broadband_900.fits	1	8.78	4	1	0	0	0.5386600966896709	-2.1647060945498806	3.3360037038926955	-0.0826244227930593	-0.2626637346570627	3.7343	0.5504494298611379
127	q0.1_fg0.3_BT0.2_allrx10_sunruns/hires_kin/broadband_940.fits	1	9.17	4	1	0	0	0.5267454400716828	-2.0989583991873633	3.2959787099128715	-0.06825696382207355	-0.19218893728945557	3.7047	0.2883373549182555
128	q0.1_fg0.3_BT0.2_allrx10_sunruns/hires_kin/broadband_1040.fits	1	10.15	4	1	0	0	0.5178299384516062	-2.151769524652749	3.355942812412038	-0.09958664193359698	-0.2557046059066243	4.1418	0.12440237386797598
129	q0.1_fg0.3_BT0.2_allrx10_sunruns/hires_kin/broadband_1100.fits	1	10.74	4	1	0	0	0.5075204016456968	-2.10628851268938	3.24817828214429	-0.09138503338447582	-0.21657690071431118	3.9563	0.19655608156536022
130	q0.1_fg0.3_BT0.2_allrx10_sunruns/hires_kin/broadband_1140.fits	1	11.13	4	1	0	0	0.523908479630206	-2.168517552558018	3.390931465162388	-0.09945033247128547	-0.2666756787255718	3.8046	0.12065283468459241
131	q0.1_fg0.3_BT0.2_allrx10_sunruns/hires_kin/broadband_1145.fits	1	11.18	4	1	0	0	0.5260259893543919	-2.1791357630149526	3.3869042798677644	-0.08200430867013357	-0.26603245824029326	4.3631	0.1297860634913009
132	q0.1_fg0.3_BT0.2_allrx10_sunruns/hires_kin/broadband_1155.fits	1	12.13	4	1	0	0	0.5193740151318371	-2.130791591863438	3.2889664898278825	-0.14224464622958838	-0.24461186794977302	3.7553	0.10285932670534163
133	q0.1_fg0.3_BT0.2_allrx10_sunruns/hires_kin/broadband_1160.fits	1	12.61	4	1	0	0	0.518611170025177	-2.1586000654386726	3.3570984587868455	-0.10711722563560899	-0.24791611490172366	3.8947	0.13337231558822327
134	q0.1_fg0.3_BT0.2_allrx10_sunruns/hires_kin_early_cen1/broadband_005.fits	1	0.05	5	1	0	0	0.5102600967115897	-1.8881091458664807	2.9953826196934137	-0.07569890787992103	-0.01299702769893401	1.3361	0.06236356039883885
135	q0.1_fg0.3_BT0.2_allrx10_sunruns/hires_kin_early_cen1/broadband_040.fits	1	0.39	5	1	0	0	0.4732175747714802	-1.8562541806375017	2.834889944183212	-0.03576903162208156	0.002022878665466123	1.1731	0.0804592236088347
136	q0.1_fg0.3_BT0.2_allrx10_sunruns/hires_kin_early_cen1/broadband_060.fits	1	0.59	5	1	0	0	0.5231070388401624	-1.7516639759880335	2.812752062192242	0.031799127923302264	0.03360577573908013	0.9682	0.3192749294776422
137	q0.1_fg0.3_BT0.2_allrx10_sunruns/hires_kin_early_cen1/broadband_100.fits	1	0.98	5	1	0	0	0.49429540652209086	-1.7824897523741585	2.700314132043436	0.02750407240609129	0.01793600300236673	1.0742	0.1477031964793588
138	q0.1_fg0.3_BT0.2_allrx10_sunruns/hires_kin_early_cen1/broadband_200.fits	1	1.96	5	1	0	0	0.5062738800175904	-1.8407942423788473	2.9684395067922393	0.017363729840186044	0.012980250004481412	1.225	0.1404897904992512
139	q0.1_fg0.3_BT0.2_allrx10_sunruns/hires_kin_early_cen1/broadband_300.fits	1	2.93	5	1	0	0	0.4771822299795509	-1.8544658916704886	2.9086384891569312	-0.011132410521569958	-0.0008199924091117641	1.2542	0.1275299457022627
140	q0.1_fg0.3_BT0.2_allrx10_sunruns/hires_kin_early_cen1/broadband_400.fits	1	3.91	5	1	0	0	0.5052599954046466	-1.9182336000640983	3.0061678975492834	-0.06553433932719839	-0.017312644304795875	1.448	0.1633642796493298
141	q0.1_fg0.3_BT0.2_allrx10_sunruns/hires_kin_early_cen1/broadband_410.fits	1	4.01	5	1	0	0	0.4919532501137685	-1.9094099346130298	2.97983361689109	-0.07536321802439055	-0.00833304171115754	1.4149	0.0800621002378347
142	q0.1_fg0.3_BT0.2_allrx10_sunruns/hires_kin_early_cen1/broadband_420.fits	1	4.11	5	1	0	0	0.5154734134633517	-1.7394876282809884	3.0425429304401175	-0.010978166991727906	-0.022432340035209594	1.4912	0.30739443593749916
143	q0.1_fg0.3_BT0.2_allrx10_sunruns/hires_kin/broadband_600.fits	1	5.85	5	1	0	0	0.5388720539271703	-2.0193857817068697	3.3986847452513387	-0.06519876413792376	-0.024398620641351183	1.9805	0.28796041491966934
144	q0.1_fg0.3_BT0.2_allrx10_sunruns/hires_kin/broadband_640.fits	1	6.24	5	1	0	0	0.5209801236569059	-1.9785116553760749	3.302075366389406	-0.12990273583318993	-0.05757138267703011	1.9562	0.2271900674298041
145	q0.1_fg0.3_BT0.2_allrx10_sunruns/hires_kin/broadband_700.fits	1	6.83	5	1	0	0	0.5247760110762025	-2.0251791877190395	3.432384707537157	-0.0939812569977024	-0.04664267412199835	2.1533	0.2800557609935105
146	q0.1_fg0.3_BT0.2_allrx10_sunruns/hires_kin/broadband_800.fits	1	7.8	5	1	0	0	0.5245781022257942	-1.9179284253168667	3.2539645231763075	-0.13820822799455135	-0.027474431579559803	2.1308	0.4005992739051664
147	q0.1_fg0.3_BT0.2_allrx10_sunruns/hires_kin/broadband_840.fits	1	8.19	5	1	0	0	0.5334296692090269	-1.9208334825328717	3.295905885018491	-0.08517126496168513	-0.03495422584208035	2.0613	0.24672844270337907
148	q0.1_fg0.3_BT0.2_allrx10_sunruns/hires_kin/broadband_900.fits	1	8.78	5	1	0	0	0.540407901670278	-2.0442834335656577	3.3318502882071654	-0.09279539044443089	-0.008475133091528678	2.359	0.2551365124782032
149	q0.1_fg0.3_BT0.2_allrx10_sunruns/hires_kin/broadband_940.fits	1	9.17	5	1	0	0	0.5402289195627964	-2.062182620660707	3.4638360505305226	-0.12936961841194417	-0.08990433184925177	2.5765	0.30135768063446244
150	q0.1_fg0.3_BT0.2_allrx10_sunruns/hires_kin/broadband_980.fits	1	9.56	5	1	0	0	0.54244892596405	-2.1233378341328124	3.4703850345191256	-0.16730677977258024	-0.07531457151613281	2.6934	0.2466589053039073
151	q0.1_fg0.3_BT0.2_allrx10_sunruns/hires_kin/broadband_1000.fits	1	9.76	5	1	0	0	0.530507580444168	-2.118835262200854	3.442666520585618	-0.101825134382576	-0.08942878521917837	2.6471	0.2548282168997895
152	q0.1_fg0.3_BT0.2_allrx10_sunruns/hires_kin/broadband_1020.fits	1	9.95	5	1	0	0	0.5184954368053403	-2.1191587163947956	3.4583747755143768	-0.16640348612078024	-0.06630128482721075	2.6968	0.1275293662277314
153	q0.1_fg0.3_BT0.2_allrx10_sunruns/hires_kin/broadband_1040.fits	1	10.15	5	1	0	0	0.5365185574762531	-2.1365952414235823	3.439945265052865	-0.2455042419190488	-0.14870015291227753	2.7297	0.16219902163668012
154	q0.1_fg0.3_BT0.2_allrx10_sunruns/hires_kin/broadband_1060.fits	1	10.35	5	1	0	0	0.5436776553901141	-2.1575337298840362	3.4365319426158427	-0.1574007213757318	-0.05475487650704882	2.731	0.169671122874338
155	q0.1_fg0.3_BT0.2_allrx10_sunruns/hires_kin/broadband_1080.fits	1	10.54	5	1	0	0	0.5311369145595368	-2.1315318892770567	3.4548887876230165	-0.17387998132983135	-0.12807271361803857	2.6098	0.11077220861879881
156	q0.1_fg0.3_BT0.2_allrx10_sunruns/hires_kin/broadband_1100.fits	1	10.74	5	1	0	0	0.5380033550214988	-2.1211880171124076	3.436255462690405	-0.1589426946623541	-0.12591816043004778	2.512	0.07730042145865632
157	q0.1_fg0.3_BT0.2_allrx10_sunruns/hires_kin/broadband_1140.fits	1	11.13	5	1	0	0	0.5307001261949045	-2.1325245712722087	3.5170479324297457	-0.15517347544361437	-0.07708827410224402	2.7328	0.10956901548699785
158	q0.1_fg0.3_BT0.2_allrx10_sunruns/hires_kin/broadband_1145.fits	1	11.18	5	1	0	0	0.535810970660798	-2.1464040817878614	3.5206702368928333	-0.21041986909083416	-0.13899063243719595	2.9021	0.06888731104445435
159	q0.1_fg0.3_BT0.2_allrx10_sunruns/hires_kin/broadband_1150.fits	1	11.64	5	1	0	0	0.5380895434762982	-2.1449841533259835	3.4638128545845888	-0.11305812765679563	-0.02577968117274499	2.702	0.09914706302212098
160	q0.1_fg0.3_BT0.2_allrx10_sunruns/hires_kin/broadband_1155.fits	1	12.13	5	1	0	0	0.5186291047236742	-2.1048655699450536	3.4472521452215594	-0.20422603272374618	-0.052742234758283324	2.564	0.10483087573202929
161	q0.1_fg0.3_BT0.2_allrx10_sunruns/hires_kin/broadband_1160.fits	1	12.61	5	1	0	0	0.5349062175260443	-2.1499850013480315	3.4704265156374223	-0.11856268354615179	-0.09088042993078123	2.7134	0.13292871240669246
162	q0.1_fg0.3_BT0.2_allrx10_sunruns/hires_kin/broadband_1165.fits	1	13.1	5	1	0	0	0.5302955697706045	-2.165022364823073	3.519270600565681	-0.16242525890495213	-0.1912173418588939	2.9455	0.09954825369357138
163	q0.1_fg0.3_BT0.2_allrx10_sunruns/hires_kin/broadband_1168.fits	1	13.4	5	1	0	0	0.5410635950500692	-2.173423889218283	3.568839554670684	-0.19858709702230018	-0.24720868345161884	2.8432	0.12111015892271723
164	q0.1_fg0.3_BT0.2_allrx10_sunruns/hires_kin_early_cen1/broadband_005.fits	1	0.05	6	1	0	0	0.5937088921585835	-1.7168060558998643	3.420746561003577	0.0027745987125078783	0.048768497673570395	0.6761	0.11610734713994228
165	q0.1_fg0.3_BT0.2_allrx10_sunruns/hires_kin_early_cen1/broadband_040.fits	1	0.39	6	2	12.492086392770629	4.845292504327859	0.5827815515610071	-1.6600375449742286	3.3924602373085433	-0.009237710755538558	0.03794901157685459	0.6552	0.07624893518324319
166	q0.1_fg0.3_BT0.2_allrx10_sunruns/hires_kin_early_cen1/broadband_060.fits	1	0.59	6	1	0	0	0.5007596648745533	-1.3379688926132183	2.7036461207663227	0.09164006676371907	0.016678926267451787	0.5751	0.31467846038754854
167	q0.1_fg0.3_BT0.2_allrx10_sunruns/hires_kin_early_cen1/broadband_100.fits	1	0.98	6	1	0	0	0.5362866584167557	-1.6343229408198694	3.144542804362639	-0.016403176431630227	0.034246412575436036	0.6511	0.3037441306400986
168	q0.1_fg0.3_BT0.2_allrx10_sunruns/hires_kin_early_cen1/broadband_200.fits	1	1.96	6	1	0	0	0.5844608927567646	-1.7993812266716829	3.3148460237409734	-0.04239114438786514	0.023675899616479045	0.8086	0.09569212972644635
169	q0.1_fg0.3_BT0.2_allrx10_sunruns/hires_kin_early_cen1/broadband_300.fits	1	2.93	6	1	0	0	0.5546437934417523	-1.7431962278890072	3.4905486419263063	-0.06560604082370752	0.039791570814617074	0.812	0.0927389598298682
170	q0.1_fg0.3_BT0.2_allrx10_sunruns/hires_kin_early_cen1/broadband_400.fits	1	3.91	6	1	0	0	0.5625107044623513	-1.7791665173095048	3.515672583088013	-0.07951805823825184	0.047828703045025615	0.9287	0.08998808343319453
171	q0.1_fg0.3_BT0.2_allrx10_sunruns/hires_kin_early_cen1/broadband_410.fits	1	4.01	6	2	17.55160626024648	7.3967339835862616	0.5613486572281242	-1.8014489593802054	3.454106535369377	-0.06963153164885033	0.03459131531761704	0.8967	0.1463684821017472
172	q0.1_fg0.3_BT0.2_allrx10_sunruns/hires_kin_early_cen1/broadband_420.fits	1	4.11	6	2	4.605148043102305	6.198405722655504	0.6283322851800017	-1.7196754356147677	3.2988759358723465	0.04412846347130177	0.04376512702555968	1.0338	0.40655686912420996
173	q0.1_fg0.3_BT0.2_allrx10_sunruns/hires_kin/broadband_600.fits	1	5.85	6	1	0	0	0.5696577229596884	-1.9151053574950183	3.38700330765676	-0.06874077226732635	-0.0034791263984199853	1.3776	0.25748798189923605
174	q0.1_fg0.3_BT0.2_allrx10_sunruns/hires_kin/broadband_640.fits	1	6.24	6	1	0	0	0.5373463782071237	-1.9715465451529992	3.449926361548637	-0.07342550630104895	-0.0026059606007103686	1.4861	0.2750070193368445
175	q0.1_fg0.3_BT0.2_allrx10_sunruns/hires_kin/broadband_700.fits	1	6.83	6	1	0	0	0.5320979892570109	-1.91058514069114	3.349788330757517	-0.0616655073328176	-0.007263130019004958	1.5697	0.15477222643355873
176	q0.1_fg0.3_BT0.2_allrx10_sunruns/hires_kin/broadband_800.fits	1	7.8	6	1	0	0	0.55111898308298	-1.9298761583258857	3.3726148455948373	-0.06159040418491697	-0.004798945572792553	1.6761	0.1928485047217697
177	q0.1_fg0.3_BT0.2_allrx10_sunruns/hires_kin/broadband_840.fits	1	8.19	6	1	0	0	0.5288918926861205	-2.049069913184911	3.622186776412684	-0.09690987437262084	0.001804214402464767	1.8284	0.23026992073258665
178	q0.1_fg0.3_BT0.2_allrx10_sunruns/hires_kin/broadband_900.fits	1	8.78	6	1	0	0	0.5466348827341733	-1.9580944878020956	3.4134545560048863	-0.030423329493537758	0.011995980676667685	1.8419	0.24685961368525547
179	q0.1_fg0.3_BT0.2_allrx10_sunruns/hires_kin/broadband_940.fits	1	9.17	6	1	0	0	0.5410396919904082	-2.0771968907658915	3.560339436554333	-0.06401106206484629	-0.009524884863777285	2.1428	0.24253069402288013
180	q0.1_fg0.3_BT0.2_allrx10_sunruns/hires_kin/broadband_980.fits	1	9.56	6	1	0	0	0.5500769162414437	-2.1229628522843758	3.6176086909255534	-0.1566141965760144	-0.00945700269874483	2.2256	0.09390343532877206
181	q0.1_fg0.3_BT0.2_allrx10_sunruns/hires_kin/broadband_1000.fits	1	9.76	6	1	0	0	0.5416512806865322	-2.0787629248044004	3.564484099320162	-0.06319464962127952	0.02453987922518221	2.2077	0.17725276604844245
182	q0.1_fg0.3_BT0.2_allrx10_sunruns/hires_kin/broadband_1020.fits	1	9.95	6	1	0	0	0.5520567686960799	-2.115100648544851	3.5811787253696603	-0.13480141054552805	-0.007276034467385016	2.2613	0.12602287512831464
183	q0.1_fg0.3_BT0.2_allrx10_sunruns/hires_kin/broadband_1040.fits	1	10.15	6	1	0	0	0.5434245387850075	-2.0990383461318736	3.523791558261885	-0.1090544747078029	0.003693684587594118	2.1892	0.13206117227862102
184	q0.1_fg0.3_BT0.2_allrx10_sunruns/hires_kin/broadband_1060.fits	1	10.35	6	1	0	0	0.5415275562120727	-2.1001986179452823	3.6028372028412803	-0.12467242132144275	-0.0029844960108933267	2.3173	0.13544523968116928
185	q0.1_fg0.3_BT0.2_allrx10_sunruns/hires_kin/broadband_1080.fits	1	10.54	6	1	0	0	0.5268102792083522	-2.072798311877995	3.5794722213825403	-0.17571385404664003	-0.03748853076916983	2.267	0.06787469985900427
186	q0.1_fg0.3_BT0.2_allrx10_sunruns/hires_kin/broadband_1100.fits	1	10.74	6	1	0	0	0.5431918344922384	-2.075921973621626	3.5160038004788543	-0.1041864695322878	-0.021916869172426245	2.1242	0.08435850653468593
187	q0.1_fg0.3_BT0.2_allrx10_sunruns/hires_kin/broadband_1140.fits	1	11.13	6	1	0	0	0.5364370426231677	-2.11498092334129	3.671596066924019	-0.12848177324273266	-0.03761006961901541	2.3224	0.14216803141637924
188	q0.1_fg0.3_BT0.2_allrx10_sunruns/hires_kin/broadband_1145.fits	1	11.18	6	1	0	0	0.5302240636124208	-2.088511271073921	3.6162370684190437	-0.15166638410843664	-0.04327235263702982	2.4357	0.19101095882984995
189	q0.1_fg0.3_BT0.2_allrx10_sunruns/hires_kin/broadband_1150.fits	1	11.64	6	1	0	0	0.5494340667546508	-2.140136326913679	3.634430164270543	-0.18347907721229728	-0.1111988889026489	2.4683	0.127161233295083
190	q0.1_fg0.3_BT0.2_allrx10_sunruns/hires_kin/broadband_1155.fits	1	12.13	6	1	0	0	0.518101918350855	-2.071593633424354	3.5749434654614474	-0.14652193451860204	-0.09980091785651615	2.2829	0.10622677686681285
191	q0.1_fg0.3_BT0.2_allrx10_sunruns/hires_kin/broadband_1160.fits	1	12.61	6	1	0	0	0.5553544865357799	-2.1551018691098394	3.5726948131034297	-0.11546630021896433	-0.07101847089679107	2.4736	0.10366452603200431
192	q0.1_fg0.3_BT0.2_allrx10_sunruns/hires_kin/broadband_1165.fits	1	13.1	6	1	0	0	0.5510975079756466	-2.1808046713274245	3.613307341075786	-0.12169282778769426	-0.08669573349984913	2.6641	0.17091512985924764
193	q0.1_fg0.3_BT0.2_allrx10_sunruns/hires_kin/broadband_1168.fits	1	13.4	6	1	0	0	0.5403386617087055	-2.1630845788887063	3.590628151993156	-0.11891111856858541	-0.2165907837995981	2.625	0.17251381308908878
28	isolated_galaxies/m1_fg0.3_BT0.2/rot_45/broadband_005.fits	0	0.05	0	1	0	0	0.5064046828688937	-1.879983285537966	2.960572142912525	-0.017363431768810632	-0.005034206817632949	1.3472	0.06491051194270854
29	isolated_galaxies/m1_fg0.3_BT0.2/rot_45/broadband_030.fits	0	0.29	0	1	0	0	0.5391200009381129	-1.8720131500222903	2.8896747928216575	-0.001939496251206961	0.0014272816488336802	1.24	0.09956464051017877
30	isolated_galaxies/m1_fg0.3_BT0.2/rot_45/broadband_060.fits	0	0.59	0	1	0	0	0.5379697631086656	-1.886575117274699	2.8730576333459816	-0.009569924360567241	0.00033581892490861133	1.246	0.07921092216318876
31	isolated_galaxies/m1_fg0.3_BT0.2/rot_45/broadband_090.fits	0	0.88	0	1	0	0	0.545977428336514	-1.8530694337072333	2.8429773581119697	0.0078060947175591575	0.0033926497869501407	1.2051	0.11388759974674069
32	isolated_galaxies/m1_fg0.3_BT0.2/rot_45/broadband_100.fits	0	0.98	0	1	0	0	0.4931557592076367	-1.7938357432798802	2.785164188150672	0.03686454668990496	0.014776516723770103	1.1282	0.1191478376471286
33	isolated_galaxies/m1_fg0.3_BT0.2/rot_45/broadband_120.fits	0	1.17	0	1	0	0	0.4781236868202752	-1.7931991964634648	2.779656581923527	-0.011842280148154093	0.0037349658080346316	1.137	0.09359310553366215
34	isolated_galaxies/m1_fg0.3_BT0.2/rot_45/broadband_150.fits	0	1.47	0	1	0	0	0.5024132169523249	-1.8266192869530886	2.7828553575713864	0.01599102054975149	0.013381269316859488	1.1191	0.13335144428464507
35	isolated_galaxies/m1_fg0.3_BT0.2/rot_45/broadband_180.fits	0	1.76	0	1	0	0	0.5023113895592981	-1.8481922128431332	2.8137238640309947	-0.016130394393452423	0.008486692260884889	1.1827	0.09913145269003297
36	isolated_galaxies/m1_fg0.3_BT0.2/rot_45/broadband_200.fits	0	1.96	0	1	0	0	0.5055624522176746	-1.8362419447419116	2.774069235447909	0.0025765007087370723	0.009959479075836516	1.1323	0.09044701954757321
66	isolated_galaxies/m1_fg0.3_BT0.2/rot_45/broadband_005.fits	0	0.05	1	1	0	0	0.5008792044076166	-1.8295181142400008	2.9468704271767745	-0.029257724197241288	0.002021253825492358	1.1804	0.08163238858251404
67	isolated_galaxies/m1_fg0.3_BT0.2/rot_45/broadband_030.fits	0	0.29	1	1	0	0	0.5184940287694296	-1.8078730940662768	2.8727985768688082	-0.008468396826877235	-0.000491054750323454	1.0857	0.04637642663899656
68	isolated_galaxies/m1_fg0.3_BT0.2/rot_45/broadband_060.fits	0	0.59	1	1	0	0	0.5127848843827492	-1.8387188020659861	2.868170373808811	-0.011958081355965435	-0.0024388823082133063	1.0833	0.07796935475709879
69	isolated_galaxies/m1_fg0.3_BT0.2/rot_45/broadband_090.fits	0	0.88	1	1	0	0	0.5242909790227702	-1.8004563839806331	2.8593144712741365	0.007787188627585869	0.0045542309605698245	1.0652	0.09919530434221967
70	isolated_galaxies/m1_fg0.3_BT0.2/rot_45/broadband_100.fits	0	0.98	1	1	0	0	0.4772880889430671	-1.735552728678596	2.751936994477454	0.017528131185771328	0.009238029847868702	1.009	0.11451047143364401
71	isolated_galaxies/m1_fg0.3_BT0.2/rot_45/broadband_120.fits	0	1.17	1	1	0	0	0.4935647283979545	-1.7714505585944678	2.8379774675065854	-0.001899288395140697	0.004388322080902897	1.0315	0.06473201451178337
72	isolated_galaxies/m1_fg0.3_BT0.2/rot_45/broadband_150.fits	0	1.47	1	1	0	0	0.4960559511049964	-1.8025774728944646	2.8004063410471565	0.012302728738990007	0.008646172767645276	1.0192	0.08480242570658973
73	isolated_galaxies/m1_fg0.3_BT0.2/rot_45/broadband_180.fits	0	1.76	1	1	0	0	0.49198750651953366	-1.8395491144167209	2.837937157029063	0.003522248340137328	0.0006450420813702352	1.0542	0.0635300272420991
74	isolated_galaxies/m1_fg0.3_BT0.2/rot_45/broadband_200.fits	0	1.96	1	1	0	0	0.4890372200985559	-1.7818675048428254	2.813707299156057	-0.009997480730977209	0.006024316974760025	1.0291	0.08943265410917589
104	isolated_galaxies/m1_fg0.3_BT0.2/rot_45/broadband_005.fits	0	0.05	2	1	0	0	0.5018040720959923	-1.8439707095399458	2.9146613667940113	-0.048692383843415295	-0.0007691439904641369	1.1821	0.0539931512794636
105	isolated_galaxies/m1_fg0.3_BT0.2/rot_45/broadband_030.fits	0	0.29	2	1	0	0	0.5140831249326371	-1.8401392459022698	2.892644497730073	-0.042206390748240785	-0.00033679471060572857	1.0754	0.07867408272942104
106	isolated_galaxies/m1_fg0.3_BT0.2/rot_45/broadband_060.fits	0	0.59	2	1	0	0	0.5131902231391119	-1.8126531467340687	2.837257887360823	-0.005759487545533982	-0.0009115026994125423	1.0551	0.06654017566513175
107	isolated_galaxies/m1_fg0.3_BT0.2/rot_45/broadband_090.fits	0	0.88	2	1	0	0	0.5160885728313872	-1.8565748241512499	2.8397720866274763	0.0020272804020489378	0.0007668740448438977	1.0752	0.05604225633963345
108	isolated_galaxies/m1_fg0.3_BT0.2/rot_45/broadband_100.fits	0	0.98	2	1	0	0	0.47248891785081176	-1.794963463159261	2.8224595255283766	0.013917842860552438	0.006634819721214431	1.0319	0.11023358545447819
109	isolated_galaxies/m1_fg0.3_BT0.2/rot_45/broadband_120.fits	0	1.17	2	1	0	0	0.5054096976989938	-1.803146020987689	2.8230110438570355	-0.011366974939791274	0.0076331530597048	1.0184	0.08407959778531844
110	isolated_galaxies/m1_fg0.3_BT0.2/rot_45/broadband_150.fits	0	1.47	2	1	0	0	0.4950966603100661	-1.8206629571512813	2.8217311888266394	0.013240555849128723	0.00516550602960493	1.016	0.05610861369545468
111	isolated_galaxies/m1_fg0.3_BT0.2/rot_45/broadband_180.fits	0	1.76	2	1	0	0	0.4856385743655023	-1.783708648470619	2.8227305098050532	-0.021588383261649947	0.006267752822608148	1.0225	0.0690922105030168
112	isolated_galaxies/m1_fg0.3_BT0.2/rot_45/broadband_200.fits	0	1.96	2	1	0	0	0.4855748227705558	-1.8024063620569881	2.815917835870998	-0.016712312444389216	0.005578164602991535	1.0084	0.07554666282517929
142	isolated_galaxies/m1_fg0.3_BT0.2/rot_45/broadband_005.fits	0	0.05	3	1	0	0	0.4998895962929976	-1.8550850895477708	2.9585749956126657	-0.04711535894518522	0.0004499691147671925	1.1852	0.07194867013139104
143	isolated_galaxies/m1_fg0.3_BT0.2/rot_45/broadband_030.fits	0	0.29	3	1	0	0	0.508579550192767	-1.8252280952522226	2.857584256632817	-0.009969110044505432	-0.0013599363792812227	1.0604	0.06317480084968817
144	isolated_galaxies/m1_fg0.3_BT0.2/rot_45/broadband_060.fits	0	0.59	3	1	0	0	0.5157740415543521	-1.8572015099325947	2.850362541493358	-0.0025644684760890244	0.002943627042897639	1.0869	0.05513898571507729
145	isolated_galaxies/m1_fg0.3_BT0.2/rot_45/broadband_090.fits	0	0.88	3	1	0	0	0.5143143014478311	-1.865830882928022	2.9171967332522675	0.026664277981354442	0.0020304838466847146	1.0981	0.09003145109028315
146	isolated_galaxies/m1_fg0.3_BT0.2/rot_45/broadband_100.fits	0	0.98	3	1	0	0	0.47520387439640654	-1.8304529856298142	2.89430441109994	-0.016868386937191115	-0.004545214259705553	1.0175	0.08657365247627423
147	isolated_galaxies/m1_fg0.3_BT0.2/rot_45/broadband_120.fits	0	1.17	3	1	0	0	0.5044990398563507	-1.8370262565094604	2.8431415505242703	0.004872062786380189	0.0032478739487582843	1.0028	0.05917109570816602
148	isolated_galaxies/m1_fg0.3_BT0.2/rot_45/broadband_150.fits	0	1.47	3	1	0	0	0.5056469606396036	-1.8338564765779084	2.829706273718216	-0.019356257982895617	0.000601632741977121	1.0081	0.07045373871517245
149	isolated_galaxies/m1_fg0.3_BT0.2/rot_45/broadband_180.fits	0	1.76	3	1	0	0	0.4893653447432533	-1.7998916356107024	2.7874778022884383	-0.010581486390621684	0.003074644984714109	1.0163	0.08660405852026215
150	isolated_galaxies/m1_fg0.3_BT0.2/rot_45/broadband_200.fits	0	1.96	3	1	0	0	0.4940847311780552	-1.7748022676120754	2.8000315303822094	-0.016584677916396524	0.00046083356444554034	0.9979	0.09941137995530089
172	isolated_galaxies/m1_fg0.3_BT0.2/rot_45/broadband_005.fits	0	0.05	4	1	0	0	0.520369357653595	-1.9145714113734	2.987946467265297	-0.05539423452463742	-0.028607482277615594	1.5025	0.056505011274210384
173	isolated_galaxies/m1_fg0.3_BT0.2/rot_45/broadband_030.fits	0	0.29	4	1	0	0	0.5355799803081581	-1.8944195699707018	2.9302486620039483	-0.03166390376795817	-0.012993957920103636	1.4301	0.06169025906296131
174	isolated_galaxies/m1_fg0.3_BT0.2/rot_45/broadband_060.fits	0	0.59	4	1	0	0	0.5102865667340949	-1.8895746541482241	2.8919722571921076	-0.012760026913555947	0.00261674860242168	1.3768	0.08489396741828707
175	isolated_galaxies/m1_fg0.3_BT0.2/rot_45/broadband_090.fits	0	0.88	4	1	0	0	0.5011869405271144	-1.8751042818848391	2.883384190654883	-0.002077726087260812	0.004721953182839354	1.3541	0.11274650952200771
176	isolated_galaxies/m1_fg0.3_BT0.2/rot_45/broadband_100.fits	0	0.98	4	1	0	0	0.5146337650273637	-1.8557094825871405	2.8410283227866557	0.000565411888477196	0.0053483355840061	1.2494	0.12650211589801855
177	isolated_galaxies/m1_fg0.3_BT0.2/rot_45/broadband_120.fits	0	1.17	4	1	0	0	0.49697761537771984	-1.845703654789509	2.822957093479524	0.0015464780114135927	0.0054451845740547825	1.283	0.08144496164241768
178	isolated_galaxies/m1_fg0.3_BT0.2/rot_45/broadband_150.fits	0	1.47	4	1	0	0	0.5148490187098557	-1.8545283948108269	2.800452940994616	-0.005374364405743191	-0.007343448414118431	1.2332	0.0868524116662576
179	isolated_galaxies/m1_fg0.3_BT0.2/rot_45/broadband_180.fits	0	1.76	4	1	0	0	0.5184325861008364	-1.8440118650253605	2.8062381604664575	-0.034418691896724724	-0.014008613788744633	1.2828	0.10537478058816373
180	isolated_galaxies/m1_fg0.3_BT0.2/rot_45/broadband_200.fits	0	1.96	4	1	0	0	0.5285984665756981	-1.848796350772732	2.779811634912694	-0.05657426438980931	-0.047926167251097565	1.3049	0.08770143403017097
200	isolated_galaxies/m1_fg0.3_BT0.2/rot_45/broadband_005.fits	0	0.05	5	1	0	0	0.52547280946945	-1.9150183090643504	3.0028320974654017	-0.0621502717517492	-0.031958684979063116	1.5023	0.06326626119485622
201	isolated_galaxies/m1_fg0.3_BT0.2/rot_45/broadband_030.fits	0	0.29	5	1	0	0	0.5437346803783919	-1.9058618055446044	2.936961763093966	-0.018375647771328423	-0.0031931682562729114	1.3937	0.1342817131652173
202	isolated_galaxies/m1_fg0.3_BT0.2/rot_45/broadband_060.fits	0	0.59	5	1	0	0	0.4876704715417119	-1.8802800837068996	2.8797099328328972	-0.017368793824967296	-0.0005605830985557668	1.3818	0.10679305476149487
203	isolated_galaxies/m1_fg0.3_BT0.2/rot_45/broadband_090.fits	0	0.88	5	1	0	0	0.490924131647796	-1.8743110410844372	2.88080014890802	-0.014468874430188213	-0.0013969847543218515	1.355	0.13192407444555418
204	isolated_galaxies/m1_fg0.3_BT0.2/rot_45/broadband_100.fits	0	0.98	5	1	0	0	0.5142403186734616	-1.856363630065803	2.8606516410165037	-0.009762332677138517	0.010906158291232336	1.2558	0.11092625456273551
205	isolated_galaxies/m1_fg0.3_BT0.2/rot_45/broadband_120.fits	0	1.17	5	1	0	0	0.5087428912276039	-1.8524762940647932	2.8310691466965725	-0.017663867239720816	-0.0007325802045332416	1.2835	0.09526457963912781
206	isolated_galaxies/m1_fg0.3_BT0.2/rot_45/broadband_150.fits	0	1.47	5	1	0	0	0.5282886848656789	-1.868343809332896	2.8202588361435748	0.0029524993478971403	-0.0026236342162879746	1.2445	0.11907354653246958
207	isolated_galaxies/m1_fg0.3_BT0.2/rot_45/broadband_180.fits	0	1.76	5	1	0	0	0.5140699381658173	-1.8534187885616653	2.832470830164748	-0.016166217474062265	0.0038307007572758477	1.3186	0.09437241906270924
208	isolated_galaxies/m1_fg0.3_BT0.2/rot_45/broadband_200.fits	0	1.96	5	1	0	0	0.5303077056863443	-1.8510232381606246	2.777714864948223	-0.037224145430384326	-0.04531295429736336	1.3058	0.13199497192404205
231	isolated_galaxies/m1_fg0.3_BT0.2/rot_45/broadband_005.fits	0	0.05	6	1	0	0	0.5268803932946935	-1.9188182045908453	2.995944761304746	-0.061208886538113474	-0.03767229414176401	1.5195	0.09970888150348244
232	isolated_galaxies/m1_fg0.3_BT0.2/rot_45/broadband_030.fits	0	0.29	6	1	0	0	0.5419015809938925	-1.9001397568283838	2.9213137720163944	-0.03604411653021151	-0.012963598789895208	1.3995	0.10804671224869766
233	isolated_galaxies/m1_fg0.3_BT0.2/rot_45/broadband_060.fits	0	0.59	6	1	0	0	0.48230075091430835	-1.8729644270252832	2.867450207930645	-0.037548691741371105	0.0019627026212868572	1.3663	0.11201208606459921
234	isolated_galaxies/m1_fg0.3_BT0.2/rot_45/broadband_090.fits	0	0.88	6	1	0	0	0.48475405679219685	-1.8653035466996188	2.8794202290946336	0.008767784931536493	0.003596386476227863	1.3568	0.11467151871187818
235	isolated_galaxies/m1_fg0.3_BT0.2/rot_45/broadband_100.fits	0	0.98	6	1	0	0	0.5191631624293412	-1.8546203842590014	2.863014002408695	0.012923989498025428	0.010073845955579265	1.2508	0.11924779170804535
236	isolated_galaxies/m1_fg0.3_BT0.2/rot_45/broadband_120.fits	0	1.17	6	1	0	0	0.5006285361709577	-1.8490929260740667	2.831307334212637	-0.014774543655226437	0.0005023877293615656	1.282	0.07402446855942615
237	isolated_galaxies/m1_fg0.3_BT0.2/rot_45/broadband_150.fits	0	1.47	6	1	0	0	0.5249981753352756	-1.860231770947012	2.830948349063211	-0.00817977669847004	-0.004101665644896956	1.2375	0.1541691897794403
238	isolated_galaxies/m1_fg0.3_BT0.2/rot_45/broadband_180.fits	0	1.76	6	1	0	0	0.513045537378228	-1.8502217470602857	2.8003592811132014	-0.039670513820692845	-0.01728271371036405	1.2861	0.15007811969289991
239	isolated_galaxies/m1_fg0.3_BT0.2/rot_45/broadband_200.fits	0	1.96	6	1	0	0	0.5246005928713562	-1.8331204347420882	2.791979805365688	-0.029620590174076956	-0.018194946447160618	1.2892	0.12786235074651978